X, Y, Z, Concentration
50.0000,50.0000,0.0000,0.00000000e+000
150.0000,50.0000,0.0000,0.00000000e+000
250.0000,50.0000,0.0000,0.00000000e+000
350.0000,50.0000,0.0000,0.00000000e+000
450.0000,50.0000,0.0000,0.00000000e+000
550.0000,50.0000,0.0000,0.00000000e+000
650.0000,50.0000,0.0000,0.00000000e+000
750.0000,50.0000,0.0000,0.00000000e+000
850.0000,50.0000,0.0000,0.00000000e+000
950.0000,50.0000,0.0000,0.00000000e+000
1050.0000,50.0000,0.0000,0.00000000e+000
1150.0000,50.0000,0.0000,0.00000000e+000
1250.0000,50.0000,0.0000,0.00000000e+000
1350.0000,50.0000,0.0000,0.00000000e+000
1450.0000,50.0000,0.0000,0.00000000e+000
1550.0000,50.0000,0.0000,0.00000000e+000
1650.0000,50.0000,0.0000,0.00000000e+000
1750.0000,50.0000,0.0000,0.00000000e+000
1850.0000,50.0000,0.0000,0.00000000e+000
1950.0000,50.0000,0.0000,0.00000000e+000
2050.0000,50.0000,0.0000,0.00000000e+000
2150.0000,50.0000,0.0000,0.00000000e+000
2250.0000,50.0000,0.0000,0.00000000e+000
2350.0000,50.0000,0.0000,0.00000000e+000
2450.0000,50.0000,0.0000,0.00000000e+000
2550.0000,50.0000,0.0000,0.00000000e+000
2650.0000,50.0000,0.0000,0.00000000e+000
2750.0000,50.0000,0.0000,0.00000000e+000
2850.0000,50.0000,0.0000,0.00000000e+000
2950.0000,50.0000,0.0000,0.00000000e+000
3050.0000,50.0000,0.0000,0.00000000e+000
3150.0000,50.0000,0.0000,0.00000000e+000
3250.0000,50.0000,0.0000,0.00000000e+000
3350.0000,50.0000,0.0000,0.00000000e+000
3450.0000,50.0000,0.0000,0.00000000e+000
3550.0000,50.0000,0.0000,0.00000000e+000
3650.0000,50.0000,0.0000,0.00000000e+000
3750.0000,50.0000,0.0000,0.00000000e+000
3850.0000,50.0000,0.0000,0.00000000e+000
3950.0000,50.0000,0.0000,1.46857480e-038
4050.0000,50.0000,0.0000,3.27676024e-035
4150.0000,50.0000,0.0000,8.86071655e-032
4250.0000,50.0000,0.0000,2.76965048e-028
4350.0000,50.0000,0.0000,9.18655247e-025
4450.0000,50.0000,0.0000,2.24327909e-021
4550.0000,50.0000,0.0000,4.50187093e-018
4650.0000,50.0000,0.0000,9.08013136e-015
4750.0000,50.0000,0.0000,8.72748835e-012
4850.0000,50.0000,0.0000,4.60583616e-009
4950.0000,50.0000,0.0000,6.12574649e-006
5050.0000,50.0000,0.0000,4.09650202e-005
5150.0000,50.0000,0.0000,1.37567535e-004
5250.0000,50.0000,0.0000,3.40023660e-004
5350.0000,50.0000,0.0000,6.98951248e-004
5450.0000,50.0000,0.0000,1.26680965e-003
5550.0000,50.0000,0.0000,2.09433422e-003
5650.0000,50.0000,0.0000,3.22929746e-003
5750.0000,50.0000,0.0000,4.71635023e-003
5850.0000,50.0000,0.0000,6.59792684e-003
5950.0000,50.0000,0.0000,8.91407486e-003
6050.0000,50.0000,0.0000,1.17120594e-002
6150.0000,50.0000,0.0000,1.50289414e-002
6250.0000,50.0000,0.0000,1.89683884e-002
6350.0000,50.0000,0.0000,2.35968679e-002
6450.0000,50.0000,0.0000,2.87422407e-002
6550.0000,50.0000,0.0000,3.75520103e-002
6650.0000,50.0000,0.0000,4.11299542e-002
6750.0000,50.0000,0.0000,4.43056449e-002
6850.0000,50.0000,0.0000,4.61614728e-001
6950.0000,50.0000,0.0000,9.08667088e-001
7050.0000,50.0000,0.0000,4.79157639e+000
50.0000,50.0000,-5.0000,0.00000000e+000
150.0000,50.0000,-5.0000,0.00000000e+000
250.0000,50.0000,-5.0000,0.00000000e+000
350.0000,50.0000,-5.0000,0.00000000e+000
450.0000,50.0000,-5.0000,0.00000000e+000
550.0000,50.0000,-5.0000,0.00000000e+000
650.0000,50.0000,-5.0000,0.00000000e+000
750.0000,50.0000,-5.0000,0.00000000e+000
850.0000,50.0000,-5.0000,0.00000000e+000
950.0000,50.0000,-5.0000,0.00000000e+000
1050.0000,50.0000,-5.0000,0.00000000e+000
1150.0000,50.0000,-5.0000,0.00000000e+000
1250.0000,50.0000,-5.0000,0.00000000e+000
1350.0000,50.0000,-5.0000,0.00000000e+000
1450.0000,50.0000,-5.0000,0.00000000e+000
1550.0000,50.0000,-5.0000,0.00000000e+000
1650.0000,50.0000,-5.0000,0.00000000e+000
1750.0000,50.0000,-5.0000,0.00000000e+000
1850.0000,50.0000,-5.0000,0.00000000e+000
1950.0000,50.0000,-5.0000,0.00000000e+000
2050.0000,50.0000,-5.0000,0.00000000e+000
2150.0000,50.0000,-5.0000,0.00000000e+000
2250.0000,50.0000,-5.0000,0.00000000e+000
2350.0000,50.0000,-5.0000,0.00000000e+000
2450.0000,50.0000,-5.0000,0.00000000e+000
2550.0000,50.0000,-5.0000,0.00000000e+000
2650.0000,50.0000,-5.0000,0.00000000e+000
2750.0000,50.0000,-5.0000,0.00000000e+000
2850.0000,50.0000,-5.0000,0.00000000e+000
2950.0000,50.0000,-5.0000,0.00000000e+000
3050.0000,50.0000,-5.0000,0.00000000e+000
3150.0000,50.0000,-5.0000,0.00000000e+000
3250.0000,50.0000,-5.0000,0.00000000e+000
3350.0000,50.0000,-5.0000,0.00000000e+000
3450.0000,50.0000,-5.0000,0.00000000e+000
3550.0000,50.0000,-5.0000,0.00000000e+000
3650.0000,50.0000,-5.0000,0.00000000e+000
3750.0000,50.0000,-5.0000,0.00000000e+000
3850.0000,50.0000,-5.0000,0.00000000e+000
3950.0000,50.0000,-5.0000,5.74127003e-038
4050.0000,50.0000,-5.0000,1.00846900e-034
4150.0000,50.0000,-5.0000,2.04365594e-031
4250.0000,50.0000,-5.0000,5.08177464e-028
4350.0000,50.0000,-5.0000,1.51714005e-024
4450.0000,50.0000,-5.0000,4.86337650e-021
4550.0000,50.0000,-5.0000,1.55395771e-017
4650.0000,50.0000,-5.0000,4.83269396e-014
4750.0000,50.0000,-5.0000,1.25255584e-010
4850.0000,50.0000,-5.0000,4.38763301e-008
4950.0000,50.0000,-5.0000,1.01383112e-005
5050.0000,50.0000,-5.0000,5.69749827e-005
5150.0000,50.0000,-5.0000,1.79271505e-004
5250.0000,50.0000,-5.0000,4.26085782e-004
5350.0000,50.0000,-5.0000,8.52088328e-004
5450.0000,50.0000,-5.0000,1.51249405e-003
5550.0000,50.0000,-5.0000,2.45966413e-003
5650.0000,50.0000,-5.0000,3.74237099e-003
5750.0000,50.0000,-5.0000,5.40587073e-003
5850.0000,50.0000,-5.0000,7.49297580e-003
5950.0000,50.0000,-5.0000,1.00439731e-002
6050.0000,50.0000,-5.0000,1.31072197e-002
6150.0000,50.0000,-5.0000,1.67184956e-002
6250.0000,50.0000,-5.0000,2.09934786e-002
6350.0000,50.0000,-5.0000,2.59643495e-002
6450.0000,50.0000,-5.0000,3.15689221e-002
6550.0000,50.0000,-5.0000,4.11246233e-002
6650.0000,50.0000,-5.0000,4.32904251e-002
6750.0000,50.0000,-5.0000,6.69207647e-002
6850.0000,50.0000,-5.0000,6.01842046e-001
6950.0000,50.0000,-5.0000,1.33192718e+000
7050.0000,50.0000,-5.0000,5.94518900e+000
7150.0000,50.0000,-5.0000,2.49704704e+001
50.0000,50.0000,-10.0000,0.00000000e+000
150.0000,50.0000,-10.0000,0.00000000e+000
250.0000,50.0000,-10.0000,0.00000000e+000
350.0000,50.0000,-10.0000,0.00000000e+000
450.0000,50.0000,-10.0000,0.00000000e+000
550.0000,50.0000,-10.0000,0.00000000e+000
650.0000,50.0000,-10.0000,0.00000000e+000
750.0000,50.0000,-10.0000,0.00000000e+000
850.0000,50.0000,-10.0000,0.00000000e+000
950.0000,50.0000,-10.0000,0.00000000e+000
1050.0000,50.0000,-10.0000,0.00000000e+000
1150.0000,50.0000,-10.0000,0.00000000e+000
1250.0000,50.0000,-10.0000,0.00000000e+000
1350.0000,50.0000,-10.0000,0.00000000e+000
1450.0000,50.0000,-10.0000,0.00000000e+000
1550.0000,50.0000,-10.0000,0.00000000e+000
1650.0000,50.0000,-10.0000,0.00000000e+000
1750.0000,50.0000,-10.0000,0.00000000e+000
1850.0000,50.0000,-10.0000,0.00000000e+000
1950.0000,50.0000,-10.0000,0.00000000e+000
2050.0000,50.0000,-10.0000,0.00000000e+000
2150.0000,50.0000,-10.0000,0.00000000e+000
2250.0000,50.0000,-10.0000,0.00000000e+000
2350.0000,50.0000,-10.0000,0.00000000e+000
2450.0000,50.0000,-10.0000,0.00000000e+000
2550.0000,50.0000,-10.0000,0.00000000e+000
2650.0000,50.0000,-10.0000,0.00000000e+000
2750.0000,50.0000,-10.0000,0.00000000e+000
2850.0000,50.0000,-10.0000,0.00000000e+000
2950.0000,50.0000,-10.0000,0.00000000e+000
3050.0000,50.0000,-10.0000,0.00000000e+000
3150.0000,50.0000,-10.0000,0.00000000e+000
3250.0000,50.0000,-10.0000,0.00000000e+000
3350.0000,50.0000,-10.0000,0.00000000e+000
3450.0000,50.0000,-10.0000,0.00000000e+000
3550.0000,50.0000,-10.0000,0.00000000e+000
3650.0000,50.0000,-10.0000,0.00000000e+000
3750.0000,50.0000,-10.0000,0.00000000e+000
3850.0000,50.0000,-10.0000,0.00000000e+000
3950.0000,50.0000,-10.0000,3.89733479e-037
4050.0000,50.0000,-10.0000,6.44251490e-034
4150.0000,50.0000,-10.0000,1.13797455e-030
4250.0000,50.0000,-10.0000,2.35745188e-027
4350.0000,50.0000,-10.0000,5.94759155e-024
4450.0000,50.0000,-10.0000,1.72544205e-020
4550.0000,50.0000,-10.0000,5.29042088e-017
4650.0000,50.0000,-10.0000,1.62628984e-013
4750.0000,50.0000,-10.0000,4.80354423e-010
4850.0000,50.0000,-10.0000,6.52362473e-007
4950.0000,50.0000,-10.0000,1.95886660e-005
5050.0000,50.0000,-10.0000,9.21866449e-005
5150.0000,50.0000,-10.0000,2.66096293e-004
5250.0000,50.0000,-10.0000,5.97981678e-004
5350.0000,50.0000,-10.0000,1.14773156e-003
5450.0000,50.0000,-10.0000,1.97312585e-003
5550.0000,50.0000,-10.0000,3.12719471e-003
5650.0000,50.0000,-10.0000,4.65864968e-003
5750.0000,50.0000,-10.0000,6.61234139e-003
5850.0000,50.0000,-10.0000,9.03063174e-003
5950.0000,50.0000,-10.0000,1.19536417e-002
6050.0000,50.0000,-10.0000,1.54315131e-002
6150.0000,50.0000,-10.0000,1.94986816e-002
6250.0000,50.0000,-10.0000,2.42957342e-002
6350.0000,50.0000,-10.0000,2.97846086e-002
6450.0000,50.0000,-10.0000,3.61954272e-002
6550.0000,50.0000,-10.0000,4.68615964e-002
6650.0000,50.0000,-10.0000,4.72099446e-002
6750.0000,50.0000,-10.0000,1.30654529e-001
6850.0000,50.0000,-10.0000,9.23170507e-001
6950.0000,50.0000,-10.0000,2.30010152e+000
7050.0000,50.0000,-10.0000,8.71299934e+000
7150.0000,50.0000,-10.0000,2.54484463e+001
7250.0000,50.0000,-10.0000,3.47495995e+001
7350.0000,50.0000,-10.0000,3.49831810e+001
50.0000,50.0000,-15.0000,0.00000000e+000
150.0000,50.0000,-15.0000,0.00000000e+000
250.0000,50.0000,-15.0000,0.00000000e+000
350.0000,50.0000,-15.0000,0.00000000e+000
450.0000,50.0000,-15.0000,0.00000000e+000
550.0000,50.0000,-15.0000,0.00000000e+000
650.0000,50.0000,-15.0000,0.00000000e+000
750.0000,50.0000,-15.0000,0.00000000e+000
850.0000,50.0000,-15.0000,0.00000000e+000
950.0000,50.0000,-15.0000,0.00000000e+000
1050.0000,50.0000,-15.0000,0.00000000e+000
1150.0000,50.0000,-15.0000,0.00000000e+000
1250.0000,50.0000,-15.0000,0.00000000e+000
1350.0000,50.0000,-15.0000,0.00000000e+000
1450.0000,50.0000,-15.0000,0.00000000e+000
1550.0000,50.0000,-15.0000,0.00000000e+000
1650.0000,50.0000,-15.0000,0.00000000e+000
1750.0000,50.0000,-15.0000,0.00000000e+000
1850.0000,50.0000,-15.0000,0.00000000e+000
1950.0000,50.0000,-15.0000,0.00000000e+000
2050.0000,50.0000,-15.0000,0.00000000e+000
2150.0000,50.0000,-15.0000,0.00000000e+000
2250.0000,50.0000,-15.0000,0.00000000e+000
2350.0000,50.0000,-15.0000,0.00000000e+000
2450.0000,50.0000,-15.0000,0.00000000e+000
2550.0000,50.0000,-15.0000,0.00000000e+000
2650.0000,50.0000,-15.0000,0.00000000e+000
2750.0000,50.0000,-15.0000,0.00000000e+000
2850.0000,50.0000,-15.0000,0.00000000e+000
2950.0000,50.0000,-15.0000,0.00000000e+000
3050.0000,50.0000,-15.0000,0.00000000e+000
3150.0000,50.0000,-15.0000,0.00000000e+000
3250.0000,50.0000,-15.0000,0.00000000e+000
3350.0000,50.0000,-15.0000,0.00000000e+000
3450.0000,50.0000,-15.0000,0.00000000e+000
3550.0000,50.0000,-15.0000,0.00000000e+000
3650.0000,50.0000,-15.0000,0.00000000e+000
3750.0000,50.0000,-15.0000,0.00000000e+000
3850.0000,50.0000,-15.0000,0.00000000e+000
3950.0000,50.0000,-15.0000,2.27059964e-036
4050.0000,50.0000,-15.0000,3.45730337e-033
4150.0000,50.0000,-15.0000,5.27240964e-030
4250.0000,50.0000,-15.0000,8.89104788e-027
4350.0000,50.0000,-15.0000,1.83862052e-023
4450.0000,50.0000,-15.0000,4.69918430e-020
4550.0000,50.0000,-15.0000,1.36224458e-016
4650.0000,50.0000,-15.0000,4.10456472e-013
4750.0000,50.0000,-15.0000,1.24809119e-009
4850.0000,50.0000,-15.0000,2.53778103e-006
4950.0000,50.0000,-15.0000,3.81670034e-005
5050.0000,50.0000,-15.0000,1.55796806e-004
5150.0000,50.0000,-15.0000,4.15124960e-004
5250.0000,50.0000,-15.0000,8.82555789e-004
5350.0000,50.0000,-15.0000,1.62360643e-003
5450.0000,50.0000,-15.0000,2.69767782e-003
5550.0000,50.0000,-15.0000,4.15702024e-003
5650.0000,50.0000,-15.0000,6.04902022e-003
5750.0000,50.0000,-15.0000,8.41699168e-003
5850.0000,50.0000,-15.0000,1.13019785e-002
5950.0000,50.0000,-15.0000,1.47436643e-002
6050.0000,50.0000,-15.0000,1.87948607e-002
6150.0000,50.0000,-15.0000,2.34891232e-002
6250.0000,50.0000,-15.0000,2.90052053e-002
6350.0000,50.0000,-15.0000,3.51945572e-002
6450.0000,50.0000,-15.0000,4.28330749e-002
6550.0000,50.0000,-15.0000,5.44537790e-002
6650.0000,50.0000,-15.0000,5.46076149e-002
6750.0000,50.0000,-15.0000,2.68734545e-001
6850.0000,50.0000,-15.0000,1.52444756e+000
6950.0000,50.0000,-15.0000,3.97182012e+000
7050.0000,50.0000,-15.0000,1.21569014e+001
7150.0000,50.0000,-15.0000,2.83884125e+001
7250.0000,50.0000,-15.0000,3.49643860e+001
7350.0000,50.0000,-15.0000,3.49692764e+001
7450.0000,50.0000,-15.0000,3.49657135e+001
50.0000,50.0000,-20.0000,0.00000000e+000
150.0000,50.0000,-20.0000,0.00000000e+000
250.0000,50.0000,-20.0000,0.00000000e+000
350.0000,50.0000,-20.0000,0.00000000e+000
450.0000,50.0000,-20.0000,0.00000000e+000
550.0000,50.0000,-20.0000,0.00000000e+000
650.0000,50.0000,-20.0000,0.00000000e+000
750.0000,50.0000,-20.0000,0.00000000e+000
850.0000,50.0000,-20.0000,0.00000000e+000
950.0000,50.0000,-20.0000,0.00000000e+000
1050.0000,50.0000,-20.0000,0.00000000e+000
1150.0000,50.0000,-20.0000,0.00000000e+000
1250.0000,50.0000,-20.0000,0.00000000e+000
1350.0000,50.0000,-20.0000,0.00000000e+000
1450.0000,50.0000,-20.0000,0.00000000e+000
1550.0000,50.0000,-20.0000,0.00000000e+000
1650.0000,50.0000,-20.0000,0.00000000e+000
1750.0000,50.0000,-20.0000,0.00000000e+000
1850.0000,50.0000,-20.0000,0.00000000e+000
1950.0000,50.0000,-20.0000,0.00000000e+000
2050.0000,50.0000,-20.0000,0.00000000e+000
2150.0000,50.0000,-20.0000,0.00000000e+000
2250.0000,50.0000,-20.0000,0.00000000e+000
2350.0000,50.0000,-20.0000,0.00000000e+000
2450.0000,50.0000,-20.0000,0.00000000e+000
2550.0000,50.0000,-20.0000,0.00000000e+000
2650.0000,50.0000,-20.0000,0.00000000e+000
2750.0000,50.0000,-20.0000,0.00000000e+000
2850.0000,50.0000,-20.0000,0.00000000e+000
2950.0000,50.0000,-20.0000,0.00000000e+000
3050.0000,50.0000,-20.0000,0.00000000e+000
3150.0000,50.0000,-20.0000,0.00000000e+000
3250.0000,50.0000,-20.0000,0.00000000e+000
3350.0000,50.0000,-20.0000,0.00000000e+000
3450.0000,50.0000,-20.0000,0.00000000e+000
3550.0000,50.0000,-20.0000,0.00000000e+000
3650.0000,50.0000,-20.0000,0.00000000e+000
3750.0000,50.0000,-20.0000,0.00000000e+000
3850.0000,50.0000,-20.0000,5.47261981e-038
3950.0000,50.0000,-20.0000,8.19414440e-035
4050.0000,50.0000,-20.0000,1.10333722e-031
4150.0000,50.0000,-20.0000,1.36782795e-028
4250.0000,50.0000,-20.0000,1.61632176e-025
4350.0000,50.0000,-20.0000,1.94552688e-022
4450.0000,50.0000,-20.0000,2.67744328e-019
4550.0000,50.0000,-20.0000,4.71252551e-016
4650.0000,50.0000,-20.0000,1.04379374e-012
4750.0000,50.0000,-20.0000,2.88329072e-009
4850.0000,50.0000,-20.0000,7.25085056e-006
4950.0000,50.0000,-20.0000,7.26795843e-005
5050.0000,50.0000,-20.0000,2.63713795e-004
5150.0000,50.0000,-20.0000,6.54642237e-004
5250.0000,50.0000,-20.0000,1.32300996e-003
5350.0000,50.0000,-20.0000,2.33919988e-003
5450.0000,50.0000,-20.0000,3.76227428e-003
5550.0000,50.0000,-20.0000,5.64172212e-003
5650.0000,50.0000,-20.0000,8.02220870e-003
5750.0000,50.0000,-20.0000,1.09442668e-002
5850.0000,50.0000,-20.0000,1.44467484e-002
5950.0000,50.0000,-20.0000,1.85688250e-002
6050.0000,50.0000,-20.0000,2.33670324e-002
6150.0000,50.0000,-20.0000,2.88750753e-002
6250.0000,50.0000,-20.0000,3.53223532e-002
6350.0000,50.0000,-20.0000,4.24079970e-002
6450.0000,50.0000,-20.0000,5.17743975e-002
6550.0000,50.0000,-20.0000,6.39408827e-002
6650.0000,50.0000,-20.0000,6.41590208e-002
6750.0000,50.0000,-20.0000,5.47974527e-001
6850.0000,50.0000,-20.0000,2.55685449e+000
6950.0000,50.0000,-20.0000,6.53462601e+000
7050.0000,50.0000,-20.0000,1.68338871e+001
7150.0000,50.0000,-20.0000,3.26647453e+001
7250.0000,50.0000,-20.0000,3.49615479e+001
7350.0000,50.0000,-20.0000,3.49135323e+001
7450.0000,50.0000,-20.0000,3.49318314e+001
7550.0000,50.0000,-20.0000,3.49488297e+001
50.0000,50.0000,-25.0000,0.00000000e+000
150.0000,50.0000,-25.0000,0.00000000e+000
250.0000,50.0000,-25.0000,0.00000000e+000
350.0000,50.0000,-25.0000,0.00000000e+000
450.0000,50.0000,-25.0000,0.00000000e+000
550.0000,50.0000,-25.0000,0.00000000e+000
650.0000,50.0000,-25.0000,0.00000000e+000
750.0000,50.0000,-25.0000,0.00000000e+000
850.0000,50.0000,-25.0000,0.00000000e+000
950.0000,50.0000,-25.0000,0.00000000e+000
1050.0000,50.0000,-25.0000,0.00000000e+000
1150.0000,50.0000,-25.0000,0.00000000e+000
1250.0000,50.0000,-25.0000,0.00000000e+000
1350.0000,50.0000,-25.0000,0.00000000e+000
1450.0000,50.0000,-25.0000,0.00000000e+000
1550.0000,50.0000,-25.0000,0.00000000e+000
1650.0000,50.0000,-25.0000,0.00000000e+000
1750.0000,50.0000,-25.0000,0.00000000e+000
1850.0000,50.0000,-25.0000,0.00000000e+000
1950.0000,50.0000,-25.0000,0.00000000e+000
2050.0000,50.0000,-25.0000,0.00000000e+000
2150.0000,50.0000,-25.0000,0.00000000e+000
2250.0000,50.0000,-25.0000,0.00000000e+000
2350.0000,50.0000,-25.0000,0.00000000e+000
2450.0000,50.0000,-25.0000,0.00000000e+000
2550.0000,50.0000,-25.0000,0.00000000e+000
2650.0000,50.0000,-25.0000,0.00000000e+000
2750.0000,50.0000,-25.0000,0.00000000e+000
2850.0000,50.0000,-25.0000,0.00000000e+000
2950.0000,50.0000,-25.0000,0.00000000e+000
3050.0000,50.0000,-25.0000,0.00000000e+000
3150.0000,50.0000,-25.0000,0.00000000e+000
3250.0000,50.0000,-25.0000,0.00000000e+000
3350.0000,50.0000,-25.0000,0.00000000e+000
3450.0000,50.0000,-25.0000,0.00000000e+000
3550.0000,50.0000,-25.0000,0.00000000e+000
3650.0000,50.0000,-25.0000,0.00000000e+000
3750.0000,50.0000,-25.0000,0.00000000e+000
3850.0000,50.0000,-25.0000,1.28409548e-036
3950.0000,50.0000,-25.0000,2.06649593e-033
4050.0000,50.0000,-25.0000,2.91917302e-030
4150.0000,50.0000,-25.0000,3.70582548e-027
4250.0000,50.0000,-25.0000,4.32045155e-024
4350.0000,50.0000,-25.0000,4.80072605e-021
4450.0000,50.0000,-25.0000,5.47363568e-018
4550.0000,50.0000,-25.0000,7.26250877e-015
4650.0000,50.0000,-25.0000,7.54551716e-012
4750.0000,50.0000,-25.0000,8.43939230e-009
4850.0000,50.0000,-25.0000,1.79641011e-005
4950.0000,50.0000,-25.0000,1.34690054e-004
5050.0000,50.0000,-25.0000,4.40879725e-004
5150.0000,50.0000,-25.0000,1.02661864e-003
5250.0000,50.0000,-25.0000,1.98090984e-003
5350.0000,50.0000,-25.0000,3.37649416e-003
5450.0000,50.0000,-25.0000,5.26891975e-003
5550.0000,50.0000,-25.0000,7.70248938e-003
5650.0000,50.0000,-25.0000,1.07177943e-002
5750.0000,50.0000,-25.0000,1.43512916e-002
5850.0000,50.0000,-25.0000,1.86388940e-002
5950.0000,50.0000,-25.0000,2.36196481e-002
6050.0000,50.0000,-25.0000,2.93552708e-002
6150.0000,50.0000,-25.0000,3.58819291e-002
6250.0000,50.0000,-25.0000,4.34909873e-002
6350.0000,50.0000,-25.0000,5.16942441e-002
6450.0000,50.0000,-25.0000,6.33792505e-002
6550.0000,50.0000,-25.0000,7.52874836e-002
6650.0000,50.0000,-25.0000,7.55941123e-002
6750.0000,50.0000,-25.0000,1.08844531e+000
6850.0000,50.0000,-25.0000,4.25353050e+000
6950.0000,50.0000,-25.0000,1.04063387e+001
7050.0000,50.0000,-25.0000,2.35006771e+001
7150.0000,50.0000,-25.0000,3.40816956e+001
7250.0000,50.0000,-25.0000,3.48838692e+001
7350.0000,50.0000,-25.0000,3.48307571e+001
7450.0000,50.0000,-25.0000,3.48594475e+001
7550.0000,50.0000,-25.0000,3.48985443e+001
7650.0000,50.0000,-25.0000,3.49287300e+001
7750.0000,50.0000,-25.0000,3.24357224e+001
50.0000,50.0000,-30.0000,0.00000000e+000
150.0000,50.0000,-30.0000,0.00000000e+000
250.0000,50.0000,-30.0000,0.00000000e+000
350.0000,50.0000,-30.0000,0.00000000e+000
450.0000,50.0000,-30.0000,0.00000000e+000
550.0000,50.0000,-30.0000,0.00000000e+000
650.0000,50.0000,-30.0000,0.00000000e+000
750.0000,50.0000,-30.0000,0.00000000e+000
850.0000,50.0000,-30.0000,0.00000000e+000
950.0000,50.0000,-30.0000,0.00000000e+000
1050.0000,50.0000,-30.0000,0.00000000e+000
1150.0000,50.0000,-30.0000,0.00000000e+000
1250.0000,50.0000,-30.0000,0.00000000e+000
1350.0000,50.0000,-30.0000,0.00000000e+000
1450.0000,50.0000,-30.0000,0.00000000e+000
1550.0000,50.0000,-30.0000,0.00000000e+000
1650.0000,50.0000,-30.0000,0.00000000e+000
1750.0000,50.0000,-30.0000,0.00000000e+000
1850.0000,50.0000,-30.0000,0.00000000e+000
1950.0000,50.0000,-30.0000,0.00000000e+000
2050.0000,50.0000,-30.0000,0.00000000e+000
2150.0000,50.0000,-30.0000,0.00000000e+000
2250.0000,50.0000,-30.0000,0.00000000e+000
2350.0000,50.0000,-30.0000,0.00000000e+000
2450.0000,50.0000,-30.0000,0.00000000e+000
2550.0000,50.0000,-30.0000,0.00000000e+000
2650.0000,50.0000,-30.0000,0.00000000e+000
2750.0000,50.0000,-30.0000,0.00000000e+000
2850.0000,50.0000,-30.0000,0.00000000e+000
2950.0000,50.0000,-30.0000,0.00000000e+000
3050.0000,50.0000,-30.0000,0.00000000e+000
3150.0000,50.0000,-30.0000,0.00000000e+000
3250.0000,50.0000,-30.0000,0.00000000e+000
3350.0000,50.0000,-30.0000,0.00000000e+000
3450.0000,50.0000,-30.0000,0.00000000e+000
3550.0000,50.0000,-30.0000,0.00000000e+000
3650.0000,50.0000,-30.0000,0.00000000e+000
3750.0000,50.0000,-30.0000,0.00000000e+000
3850.0000,50.0000,-30.0000,1.05300431e-035
3950.0000,50.0000,-30.0000,1.84409982e-032
4050.0000,50.0000,-30.0000,2.79153133e-029
4150.0000,50.0000,-30.0000,3.73907343e-026
4250.0000,50.0000,-30.0000,4.47804971e-023
4350.0000,50.0000,-30.0000,4.93212159e-020
4450.0000,50.0000,-30.0000,5.34131896e-017
4550.0000,50.0000,-30.0000,7.50827555e-014
4650.0000,50.0000,-30.0000,1.50258972e-010
4750.0000,50.0000,-30.0000,8.31473201e-008
4850.0000,50.0000,-30.0000,4.08432970e-005
4950.0000,50.0000,-30.0000,2.43128117e-004
5050.0000,50.0000,-30.0000,7.24952784e-004
5150.0000,50.0000,-30.0000,1.59103121e-003
5250.0000,50.0000,-30.0000,2.94078467e-003
5350.0000,50.0000,-30.0000,4.84437309e-003
5450.0000,50.0000,-30.0000,7.34944921e-003
5550.0000,50.0000,-30.0000,1.04925707e-002
5650.0000,50.0000,-30.0000,1.43092070e-002
5750.0000,50.0000,-30.0000,1.88304149e-002
5850.0000,50.0000,-30.0000,2.40887962e-002
5950.0000,50.0000,-30.0000,3.01244650e-002
6050.0000,50.0000,-30.0000,3.70065346e-002
6150.0000,50.0000,-30.0000,4.47781570e-002
6250.0000,50.0000,-30.0000,5.38031720e-002
6350.0000,50.0000,-30.0000,6.33910224e-002
6450.0000,50.0000,-30.0000,7.80899748e-002
6550.0000,50.0000,-30.0000,8.83266032e-002
6650.0000,50.0000,-30.0000,8.87646079e-002
6750.0000,50.0000,-30.0000,2.11482954e+000
6850.0000,50.0000,-30.0000,7.06853199e+000
6950.0000,50.0000,-30.0000,1.67535172e+001
7050.0000,50.0000,-30.0000,3.12814178e+001
7150.0000,50.0000,-30.0000,3.44916763e+001
7250.0000,50.0000,-30.0000,3.47627525e+001
7350.0000,50.0000,-30.0000,3.47116623e+001
7450.0000,50.0000,-30.0000,3.47446861e+001
7550.0000,50.0000,-30.0000,3.47882385e+001
7650.0000,50.0000,-30.0000,3.47684212e+001
7750.0000,50.0000,-30.0000,3.24446754e+001
7850.0000,50.0000,-30.0000,3.39850006e+001
50.0000,50.0000,-35.0000,0.00000000e+000
150.0000,50.0000,-35.0000,0.00000000e+000
250.0000,50.0000,-35.0000,0.00000000e+000
350.0000,50.0000,-35.0000,0.00000000e+000
450.0000,50.0000,-35.0000,0.00000000e+000
550.0000,50.0000,-35.0000,0.00000000e+000
650.0000,50.0000,-35.0000,0.00000000e+000
750.0000,50.0000,-35.0000,0.00000000e+000
850.0000,50.0000,-35.0000,0.00000000e+000
950.0000,50.0000,-35.0000,0.00000000e+000
1050.0000,50.0000,-35.0000,0.00000000e+000
1150.0000,50.0000,-35.0000,0.00000000e+000
1250.0000,50.0000,-35.0000,0.00000000e+000
1350.0000,50.0000,-35.0000,0.00000000e+000
1450.0000,50.0000,-35.0000,0.00000000e+000
1550.0000,50.0000,-35.0000,0.00000000e+000
1650.0000,50.0000,-35.0000,0.00000000e+000
1750.0000,50.0000,-35.0000,0.00000000e+000
1850.0000,50.0000,-35.0000,0.00000000e+000
1950.0000,50.0000,-35.0000,0.00000000e+000
2050.0000,50.0000,-35.0000,0.00000000e+000
2150.0000,50.0000,-35.0000,0.00000000e+000
2250.0000,50.0000,-35.0000,0.00000000e+000
2350.0000,50.0000,-35.0000,0.00000000e+000
2450.0000,50.0000,-35.0000,0.00000000e+000
2550.0000,50.0000,-35.0000,0.00000000e+000
2650.0000,50.0000,-35.0000,0.00000000e+000
2750.0000,50.0000,-35.0000,0.00000000e+000
2850.0000,50.0000,-35.0000,0.00000000e+000
2950.0000,50.0000,-35.0000,0.00000000e+000
3050.0000,50.0000,-35.0000,0.00000000e+000
3150.0000,50.0000,-35.0000,0.00000000e+000
3250.0000,50.0000,-35.0000,0.00000000e+000
3350.0000,50.0000,-35.0000,0.00000000e+000
3450.0000,50.0000,-35.0000,0.00000000e+000
3550.0000,50.0000,-35.0000,0.00000000e+000
3650.0000,50.0000,-35.0000,0.00000000e+000
3750.0000,50.0000,-35.0000,1.64619639e-038
3850.0000,50.0000,-35.0000,5.77410574e-035
3950.0000,50.0000,-35.0000,1.21919347e-031
4050.0000,50.0000,-35.0000,2.15026708e-028
4150.0000,50.0000,-35.0000,3.36560775e-025
4250.0000,50.0000,-35.0000,4.58590820e-022
4350.0000,50.0000,-35.0000,5.62273436e-019
4450.0000,50.0000,-35.0000,5.53053593e-016
4550.0000,50.0000,-35.0000,4.02878414e-013
4650.0000,50.0000,-35.0000,7.45146722e-010
4750.0000,50.0000,-35.0000,1.62278639e-006
4850.0000,50.0000,-35.0000,8.63664827e-005
4950.0000,50.0000,-35.0000,4.28017927e-004
5050.0000,50.0000,-35.0000,1.17117108e-003
5150.0000,50.0000,-35.0000,2.43116729e-003
5250.0000,50.0000,-35.0000,4.31545684e-003
5350.0000,50.0000,-35.0000,6.88336696e-003
5450.0000,50.0000,-35.0000,1.01695163e-002
5550.0000,50.0000,-35.0000,1.42005645e-002
5650.0000,50.0000,-35.0000,1.90064237e-002
5750.0000,50.0000,-35.0000,2.46113837e-002
5850.0000,50.0000,-35.0000,3.10450885e-002
5950.0000,50.0000,-35.0000,3.83512080e-002
6050.0000,50.0000,-35.0000,4.66096997e-002
6150.0000,50.0000,-35.0000,5.58786690e-002
6250.0000,50.0000,-35.0000,6.66053072e-002
6350.0000,50.0000,-35.0000,7.79222846e-002
6450.0000,50.0000,-35.0000,9.64477956e-002
6550.0000,50.0000,-35.0000,1.02761671e-001
6650.0000,50.0000,-35.0000,1.06546141e-001
6750.0000,50.0000,-35.0000,4.12477779e+000
6850.0000,50.0000,-35.0000,1.23978796e+001
6950.0000,50.0000,-35.0000,2.77369156e+001
7050.0000,50.0000,-35.0000,3.29608459e+001
7150.0000,50.0000,-35.0000,3.45405579e+001
7250.0000,50.0000,-35.0000,3.46138954e+001
7350.0000,50.0000,-35.0000,3.45525436e+001
7450.0000,50.0000,-35.0000,3.45691414e+001
7550.0000,50.0000,-35.0000,3.46021004e+001
7650.0000,50.0000,-35.0000,3.45354385e+001
7750.0000,50.0000,-35.0000,3.22810097e+001
7850.0000,50.0000,-35.0000,3.37308578e+001
7950.0000,50.0000,-35.0000,3.38650932e+001
50.0000,50.0000,-40.0000,0.00000000e+000
150.0000,50.0000,-40.0000,0.00000000e+000
250.0000,50.0000,-40.0000,0.00000000e+000
350.0000,50.0000,-40.0000,0.00000000e+000
450.0000,50.0000,-40.0000,0.00000000e+000
550.0000,50.0000,-40.0000,0.00000000e+000
650.0000,50.0000,-40.0000,0.00000000e+000
750.0000,50.0000,-40.0000,0.00000000e+000
850.0000,50.0000,-40.0000,0.00000000e+000
950.0000,50.0000,-40.0000,0.00000000e+000
1050.0000,50.0000,-40.0000,0.00000000e+000
1150.0000,50.0000,-40.0000,0.00000000e+000
1250.0000,50.0000,-40.0000,0.00000000e+000
1350.0000,50.0000,-40.0000,0.00000000e+000
1450.0000,50.0000,-40.0000,0.00000000e+000
1550.0000,50.0000,-40.0000,0.00000000e+000
1650.0000,50.0000,-40.0000,0.00000000e+000
1750.0000,50.0000,-40.0000,0.00000000e+000
1850.0000,50.0000,-40.0000,0.00000000e+000
1950.0000,50.0000,-40.0000,0.00000000e+000
2050.0000,50.0000,-40.0000,0.00000000e+000
2150.0000,50.0000,-40.0000,0.00000000e+000
2250.0000,50.0000,-40.0000,0.00000000e+000
2350.0000,50.0000,-40.0000,0.00000000e+000
2450.0000,50.0000,-40.0000,0.00000000e+000
2550.0000,50.0000,-40.0000,0.00000000e+000
2650.0000,50.0000,-40.0000,0.00000000e+000
2750.0000,50.0000,-40.0000,0.00000000e+000
2850.0000,50.0000,-40.0000,0.00000000e+000
2950.0000,50.0000,-40.0000,0.00000000e+000
3050.0000,50.0000,-40.0000,0.00000000e+000
3150.0000,50.0000,-40.0000,0.00000000e+000
3250.0000,50.0000,-40.0000,0.00000000e+000
3350.0000,50.0000,-40.0000,0.00000000e+000
3450.0000,50.0000,-40.0000,0.00000000e+000
3550.0000,50.0000,-40.0000,0.00000000e+000
3650.0000,50.0000,-40.0000,0.00000000e+000
3750.0000,50.0000,-40.0000,1.21282629e-037
3850.0000,50.0000,-40.0000,2.54236423e-034
3950.0000,50.0000,-40.0000,5.78314915e-031
4050.0000,50.0000,-40.0000,1.06317140e-027
4150.0000,50.0000,-40.0000,2.32011427e-024
4250.0000,50.0000,-40.0000,4.16140511e-021
4350.0000,50.0000,-40.0000,6.90090150e-018
4450.0000,50.0000,-40.0000,1.14535499e-014
4550.0000,50.0000,-40.0000,9.10016507e-012
4650.0000,50.0000,-40.0000,2.95194735e-009
4750.0000,50.0000,-40.0000,8.51460209e-006
4850.0000,50.0000,-40.0000,1.72272965e-004
4950.0000,50.0000,-40.0000,7.35865731e-004
5050.0000,50.0000,-40.0000,1.85844314e-003
5150.0000,50.0000,-40.0000,3.65978968e-003
5250.0000,50.0000,-40.0000,6.25184458e-003
5350.0000,50.0000,-40.0000,9.67034511e-003
5450.0000,50.0000,-40.0000,1.39322001e-002
5550.0000,50.0000,-40.0000,1.90531649e-002
5650.0000,50.0000,-40.0000,2.50580516e-002
5750.0000,50.0000,-40.0000,3.19628082e-002
5850.0000,50.0000,-40.0000,3.97958644e-002
5950.0000,50.0000,-40.0000,4.86087762e-002
6050.0000,50.0000,-40.0000,5.84976263e-002
6150.0000,50.0000,-40.0000,6.95485547e-002
6250.0000,50.0000,-40.0000,8.23057890e-002
6350.0000,50.0000,-40.0000,9.58194435e-002
6450.0000,50.0000,-40.0000,1.19100392e-001
6550.0000,50.0000,-40.0000,1.19413868e-001
6650.0000,50.0000,-40.0000,2.72210449e-001
6750.0000,50.0000,-40.0000,8.50029469e+000
6850.0000,50.0000,-40.0000,2.51214085e+001
6950.0000,50.0000,-40.0000,3.05921955e+001
7050.0000,50.0000,-40.0000,3.36224937e+001
7150.0000,50.0000,-40.0000,3.44486351e+001
7250.0000,50.0000,-40.0000,3.44493599e+001
7350.0000,50.0000,-40.0000,3.43570328e+001
7450.0000,50.0000,-40.0000,3.43309860e+001
7550.0000,50.0000,-40.0000,3.43093071e+001
7650.0000,50.0000,-40.0000,3.42846489e+001
7750.0000,50.0000,-40.0000,3.20447464e+001
7850.0000,50.0000,-40.0000,3.34464378e+001
7950.0000,50.0000,-40.0000,3.34592438e+001
8050.0000,50.0000,-40.0000,3.35653381e+001
50.0000,50.0000,-45.0000,0.00000000e+000
150.0000,50.0000,-45.0000,0.00000000e+000
250.0000,50.0000,-45.0000,0.00000000e+000
350.0000,50.0000,-45.0000,0.00000000e+000
450.0000,50.0000,-45.0000,0.00000000e+000
550.0000,50.0000,-45.0000,0.00000000e+000
650.0000,50.0000,-45.0000,0.00000000e+000
750.0000,50.0000,-45.0000,0.00000000e+000
850.0000,50.0000,-45.0000,0.00000000e+000
950.0000,50.0000,-45.0000,0.00000000e+000
1050.0000,50.0000,-45.0000,0.00000000e+000
1150.0000,50.0000,-45.0000,0.00000000e+000
1250.0000,50.0000,-45.0000,0.00000000e+000
1350.0000,50.0000,-45.0000,0.00000000e+000
1450.0000,50.0000,-45.0000,0.00000000e+000
1550.0000,50.0000,-45.0000,0.00000000e+000
1650.0000,50.0000,-45.0000,0.00000000e+000
1750.0000,50.0000,-45.0000,0.00000000e+000
1850.0000,50.0000,-45.0000,0.00000000e+000
1950.0000,50.0000,-45.0000,0.00000000e+000
2050.0000,50.0000,-45.0000,0.00000000e+000
2150.0000,50.0000,-45.0000,0.00000000e+000
2250.0000,50.0000,-45.0000,0.00000000e+000
2350.0000,50.0000,-45.0000,0.00000000e+000
2450.0000,50.0000,-45.0000,0.00000000e+000
2550.0000,50.0000,-45.0000,0.00000000e+000
2650.0000,50.0000,-45.0000,0.00000000e+000
2750.0000,50.0000,-45.0000,0.00000000e+000
2850.0000,50.0000,-45.0000,0.00000000e+000
2950.0000,50.0000,-45.0000,0.00000000e+000
3050.0000,50.0000,-45.0000,0.00000000e+000
3150.0000,50.0000,-45.0000,0.00000000e+000
3250.0000,50.0000,-45.0000,0.00000000e+000
3350.0000,50.0000,-45.0000,0.00000000e+000
3450.0000,50.0000,-45.0000,0.00000000e+000
3550.0000,50.0000,-45.0000,0.00000000e+000
3650.0000,50.0000,-45.0000,0.00000000e+000
3750.0000,50.0000,-45.0000,6.18719199e-036
3850.0000,50.0000,-45.0000,9.95455122e-033
3950.0000,50.0000,-45.0000,1.55284180e-029
4050.0000,50.0000,-45.0000,1.35271680e-026
4150.0000,50.0000,-45.0000,1.93083583e-023
4250.0000,50.0000,-45.0000,2.89727021e-020
4350.0000,50.0000,-45.0000,5.08330214e-017
4450.0000,50.0000,-45.0000,1.01450491e-013
4550.0000,50.0000,-45.0000,2.23719668e-010
4650.0000,50.0000,-45.0000,9.43739664e-009
4750.0000,50.0000,-45.0000,2.74219656e-005
4850.0000,50.0000,-45.0000,3.29717586e-004
4950.0000,50.0000,-45.0000,1.23709801e-003
5050.0000,50.0000,-45.0000,2.89652869e-003
5150.0000,50.0000,-45.0000,5.42589929e-003
5250.0000,50.0000,-45.0000,8.93685408e-003
5350.0000,50.0000,-45.0000,1.34226223e-002
5450.0000,50.0000,-45.0000,1.88807771e-002
5550.0000,50.0000,-45.0000,2.53169890e-002
5650.0000,50.0000,-45.0000,3.27524133e-002
5750.0000,50.0000,-45.0000,4.11926173e-002
5850.0000,50.0000,-45.0000,5.06689884e-002
5950.0000,50.0000,-45.0000,6.12478219e-002
6050.0000,50.0000,-45.0000,7.30492026e-002
6150.0000,50.0000,-45.0000,8.62123892e-002
6250.0000,50.0000,-45.0000,1.01405218e-001
6350.0000,50.0000,-45.0000,1.17798582e-001
6450.0000,50.0000,-45.0000,1.46145657e-001
6550.0000,50.0000,-45.0000,1.47215605e-001
6650.0000,50.0000,-45.0000,1.04562318e+000
6750.0000,50.0000,-45.0000,1.58473167e+001
6850.0000,50.0000,-45.0000,2.72371502e+001
6950.0000,50.0000,-45.0000,3.13797913e+001
7050.0000,50.0000,-45.0000,3.38314476e+001
7150.0000,50.0000,-45.0000,3.43188171e+001
7250.0000,50.0000,-45.0000,3.42794876e+001
7350.0000,50.0000,-45.0000,3.41474533e+001
7450.0000,50.0000,-45.0000,3.40505791e+001
7550.0000,50.0000,-45.0000,3.38780594e+001
7650.0000,50.0000,-45.0000,3.34535942e+001
7750.0000,50.0000,-45.0000,3.15648041e+001
7850.0000,50.0000,-45.0000,3.31155319e+001
7950.0000,50.0000,-45.0000,3.31156311e+001
8050.0000,50.0000,-45.0000,3.32148552e+001
8150.0000,50.0000,-45.0000,3.35996246e+001
50.0000,50.0000,-50.0000,0.00000000e+000
150.0000,50.0000,-50.0000,0.00000000e+000
250.0000,50.0000,-50.0000,0.00000000e+000
350.0000,50.0000,-50.0000,0.00000000e+000
450.0000,50.0000,-50.0000,0.00000000e+000
550.0000,50.0000,-50.0000,0.00000000e+000
650.0000,50.0000,-50.0000,0.00000000e+000
750.0000,50.0000,-50.0000,0.00000000e+000
850.0000,50.0000,-50.0000,0.00000000e+000
950.0000,50.0000,-50.0000,0.00000000e+000
1050.0000,50.0000,-50.0000,0.00000000e+000
1150.0000,50.0000,-50.0000,0.00000000e+000
1250.0000,50.0000,-50.0000,0.00000000e+000
1350.0000,50.0000,-50.0000,0.00000000e+000
1450.0000,50.0000,-50.0000,0.00000000e+000
1550.0000,50.0000,-50.0000,0.00000000e+000
1650.0000,50.0000,-50.0000,0.00000000e+000
1750.0000,50.0000,-50.0000,0.00000000e+000
1850.0000,50.0000,-50.0000,0.00000000e+000
1950.0000,50.0000,-50.0000,0.00000000e+000
2050.0000,50.0000,-50.0000,0.00000000e+000
2150.0000,50.0000,-50.0000,0.00000000e+000
2250.0000,50.0000,-50.0000,0.00000000e+000
2350.0000,50.0000,-50.0000,0.00000000e+000
2450.0000,50.0000,-50.0000,0.00000000e+000
2550.0000,50.0000,-50.0000,0.00000000e+000
2650.0000,50.0000,-50.0000,0.00000000e+000
2750.0000,50.0000,-50.0000,0.00000000e+000
2850.0000,50.0000,-50.0000,0.00000000e+000
2950.0000,50.0000,-50.0000,0.00000000e+000
3050.0000,50.0000,-50.0000,0.00000000e+000
3150.0000,50.0000,-50.0000,0.00000000e+000
3250.0000,50.0000,-50.0000,0.00000000e+000
3350.0000,50.0000,-50.0000,0.00000000e+000
3450.0000,50.0000,-50.0000,0.00000000e+000
3550.0000,50.0000,-50.0000,0.00000000e+000
3650.0000,50.0000,-50.0000,1.50735591e-037
3750.0000,50.0000,-50.0000,7.09882600e-034
3850.0000,50.0000,-50.0000,1.09934649e-030
3950.0000,50.0000,-50.0000,1.86272535e-027
4050.0000,50.0000,-50.0000,1.49633059e-024
4150.0000,50.0000,-50.0000,2.00532572e-021
4250.0000,50.0000,-50.0000,2.54944902e-018
4350.0000,50.0000,-50.0000,3.11067090e-015
4450.0000,50.0000,-50.0000,3.70511564e-012
4550.0000,50.0000,-50.0000,3.70536224e-009
4650.0000,50.0000,-50.0000,7.90870303e-008
4750.0000,50.0000,-50.0000,1.16480551e-004
4850.0000,50.0000,-50.0000,8.90380470e-004
4950.0000,50.0000,-50.0000,2.83515546e-003
5050.0000,50.0000,-50.0000,5.97454328e-003
5150.0000,50.0000,-50.0000,1.04230735e-002
5250.0000,50.0000,-50.0000,1.62772574e-002
5350.0000,50.0000,-50.0000,2.33906936e-002
5450.0000,50.0000,-50.0000,3.17346491e-002
5550.0000,50.0000,-50.0000,4.12996225e-002
5650.0000,50.0000,-50.0000,5.21040447e-002
5750.0000,50.0000,-50.0000,6.41269609e-002
5850.0000,50.0000,-50.0000,7.74228051e-002
5950.0000,50.0000,-50.0000,9.21073034e-002
6050.0000,50.0000,-50.0000,1.08372413e-001
6150.0000,50.0000,-50.0000,1.26518250e-001
6250.0000,50.0000,-50.0000,1.47524908e-001
6350.0000,50.0000,-50.0000,1.71330497e-001
6450.0000,50.0000,-50.0000,2.10715592e-001
6550.0000,50.0000,-50.0000,2.37668037e-001
6650.0000,50.0000,-50.0000,1.32477629e+000
6750.0000,50.0000,-50.0000,1.56619654e+001
6850.0000,50.0000,-50.0000,2.70418701e+001
6950.0000,50.0000,-50.0000,3.11848278e+001
7050.0000,50.0000,-50.0000,3.36263275e+001
7150.0000,50.0000,-50.0000,3.40817375e+001
7250.0000,50.0000,-50.0000,3.39816818e+001
7350.0000,50.0000,-50.0000,3.37568588e+001
7450.0000,50.0000,-50.0000,3.35016441e+001
7550.0000,50.0000,-50.0000,3.28982849e+001
7650.0000,50.0000,-50.0000,2.45478401e+001
7750.0000,50.0000,-50.0000,2.79207401e+001
7850.0000,50.0000,-50.0000,3.24036903e+001
7950.0000,50.0000,-50.0000,3.23995743e+001
8050.0000,50.0000,-50.0000,3.24926224e+001
8150.0000,50.0000,-50.0000,3.23527794e+001
8250.0000,50.0000,-50.0000,3.16009045e+001
8350.0000,50.0000,-50.0000,3.23881645e+001
50.0000,50.0000,-55.0000,0.00000000e+000
150.0000,50.0000,-55.0000,0.00000000e+000
250.0000,50.0000,-55.0000,0.00000000e+000
350.0000,50.0000,-55.0000,0.00000000e+000
450.0000,50.0000,-55.0000,0.00000000e+000
550.0000,50.0000,-55.0000,0.00000000e+000
650.0000,50.0000,-55.0000,0.00000000e+000
750.0000,50.0000,-55.0000,0.00000000e+000
850.0000,50.0000,-55.0000,0.00000000e+000
950.0000,50.0000,-55.0000,0.00000000e+000
1050.0000,50.0000,-55.0000,0.00000000e+000
1150.0000,50.0000,-55.0000,0.00000000e+000
1250.0000,50.0000,-55.0000,0.00000000e+000
1350.0000,50.0000,-55.0000,0.00000000e+000
1450.0000,50.0000,-55.0000,0.00000000e+000
1550.0000,50.0000,-55.0000,0.00000000e+000
1650.0000,50.0000,-55.0000,0.00000000e+000
1750.0000,50.0000,-55.0000,0.00000000e+000
1850.0000,50.0000,-55.0000,0.00000000e+000
1950.0000,50.0000,-55.0000,0.00000000e+000
2050.0000,50.0000,-55.0000,0.00000000e+000
2150.0000,50.0000,-55.0000,0.00000000e+000
2250.0000,50.0000,-55.0000,0.00000000e+000
2350.0000,50.0000,-55.0000,0.00000000e+000
2450.0000,50.0000,-55.0000,0.00000000e+000
2550.0000,50.0000,-55.0000,0.00000000e+000
2650.0000,50.0000,-55.0000,0.00000000e+000
2750.0000,50.0000,-55.0000,0.00000000e+000
2850.0000,50.0000,-55.0000,0.00000000e+000
2950.0000,50.0000,-55.0000,0.00000000e+000
3050.0000,50.0000,-55.0000,0.00000000e+000
3150.0000,50.0000,-55.0000,0.00000000e+000
3250.0000,50.0000,-55.0000,0.00000000e+000
3350.0000,50.0000,-55.0000,0.00000000e+000
3450.0000,50.0000,-55.0000,0.00000000e+000
3550.0000,50.0000,-55.0000,1.42406340e-037
3650.0000,50.0000,-55.0000,2.30007579e-034
3750.0000,50.0000,-55.0000,2.84960449e-031
3850.0000,50.0000,-55.0000,3.02691139e-028
3950.0000,50.0000,-55.0000,3.26257093e-025
4050.0000,50.0000,-55.0000,2.56792148e-022
4150.0000,50.0000,-55.0000,2.84958138e-019
4250.0000,50.0000,-55.0000,3.07775033e-016
4350.0000,50.0000,-55.0000,3.18973499e-013
4450.0000,50.0000,-55.0000,3.00213437e-010
4550.0000,50.0000,-55.0000,2.36685494e-007
4650.0000,50.0000,-55.0000,4.77484082e-006
4750.0000,50.0000,-55.0000,6.48394786e-003
4850.0000,50.0000,-55.0000,4.90907021e-002
4950.0000,50.0000,-55.0000,1.34810522e-001
5050.0000,50.0000,-55.0000,2.50822037e-001
5150.0000,50.0000,-55.0000,3.94498914e-001
5250.0000,50.0000,-55.0000,5.62605798e-001
5350.0000,50.0000,-55.0000,7.42992997e-001
5450.0000,50.0000,-55.0000,9.32766497e-001
5550.0000,50.0000,-55.0000,1.13009846e+000
5650.0000,50.0000,-55.0000,1.33399749e+000
5750.0000,50.0000,-55.0000,1.54161954e+000
5850.0000,50.0000,-55.0000,1.75327706e+000
5950.0000,50.0000,-55.0000,1.97034264e+000
6050.0000,50.0000,-55.0000,2.19348145e+000
6150.0000,50.0000,-55.0000,2.42424345e+000
6250.0000,50.0000,-55.0000,2.66395545e+000
6350.0000,50.0000,-55.0000,2.91318583e+000
6450.0000,50.0000,-55.0000,3.17901683e+000
6550.0000,50.0000,-55.0000,3.44677138e+000
6650.0000,50.0000,-55.0000,4.28362703e+000
6750.0000,50.0000,-55.0000,1.22919741e+001
6850.0000,50.0000,-55.0000,1.87634830e+001
6950.0000,50.0000,-55.0000,2.12464218e+001
7050.0000,50.0000,-55.0000,2.27670918e+001
7150.0000,50.0000,-55.0000,2.32049656e+001
7250.0000,50.0000,-55.0000,2.33405056e+001
7350.0000,50.0000,-55.0000,2.34077129e+001
7450.0000,50.0000,-55.0000,2.34645252e+001
7550.0000,50.0000,-55.0000,2.33561554e+001
7650.0000,50.0000,-55.0000,1.97535458e+001
7750.0000,50.0000,-55.0000,2.06681061e+001
7850.0000,50.0000,-55.0000,2.36354523e+001
7950.0000,50.0000,-55.0000,2.39931641e+001
8050.0000,50.0000,-55.0000,2.41710491e+001
8150.0000,50.0000,-55.0000,2.46763668e+001
8250.0000,50.0000,-55.0000,2.95115318e+001
8350.0000,50.0000,-55.0000,3.04417610e+001
8450.0000,50.0000,-55.0000,2.89642925e+001
50.0000,50.0000,-60.0000,0.00000000e+000
150.0000,50.0000,-60.0000,0.00000000e+000
250.0000,50.0000,-60.0000,0.00000000e+000
350.0000,50.0000,-60.0000,0.00000000e+000
450.0000,50.0000,-60.0000,0.00000000e+000
550.0000,50.0000,-60.0000,0.00000000e+000
650.0000,50.0000,-60.0000,0.00000000e+000
750.0000,50.0000,-60.0000,0.00000000e+000
850.0000,50.0000,-60.0000,0.00000000e+000
950.0000,50.0000,-60.0000,0.00000000e+000
1050.0000,50.0000,-60.0000,0.00000000e+000
1150.0000,50.0000,-60.0000,0.00000000e+000
1250.0000,50.0000,-60.0000,0.00000000e+000
1350.0000,50.0000,-60.0000,0.00000000e+000
1450.0000,50.0000,-60.0000,0.00000000e+000
1550.0000,50.0000,-60.0000,0.00000000e+000
1650.0000,50.0000,-60.0000,0.00000000e+000
1750.0000,50.0000,-60.0000,0.00000000e+000
1850.0000,50.0000,-60.0000,0.00000000e+000
1950.0000,50.0000,-60.0000,0.00000000e+000
2050.0000,50.0000,-60.0000,0.00000000e+000
2150.0000,50.0000,-60.0000,0.00000000e+000
2250.0000,50.0000,-60.0000,0.00000000e+000
2350.0000,50.0000,-60.0000,0.00000000e+000
2450.0000,50.0000,-60.0000,0.00000000e+000
2550.0000,50.0000,-60.0000,0.00000000e+000
2650.0000,50.0000,-60.0000,0.00000000e+000
2750.0000,50.0000,-60.0000,0.00000000e+000
2850.0000,50.0000,-60.0000,0.00000000e+000
2950.0000,50.0000,-60.0000,0.00000000e+000
3050.0000,50.0000,-60.0000,0.00000000e+000
3150.0000,50.0000,-60.0000,0.00000000e+000
3250.0000,50.0000,-60.0000,0.00000000e+000
3350.0000,50.0000,-60.0000,0.00000000e+000
3450.0000,50.0000,-60.0000,1.27030074e-038
3550.0000,50.0000,-60.0000,4.87159057e-037
3650.0000,50.0000,-60.0000,4.86046343e-034
3750.0000,50.0000,-60.0000,4.63293310e-031
3850.0000,50.0000,-60.0000,4.26272863e-028
3950.0000,50.0000,-60.0000,3.89464770e-025
4050.0000,50.0000,-60.0000,3.12128986e-022
4150.0000,50.0000,-60.0000,3.27103894e-019
4250.0000,50.0000,-60.0000,3.37013710e-016
4350.0000,50.0000,-60.0000,3.33166790e-013
4450.0000,50.0000,-60.0000,3.00214964e-010
4550.0000,50.0000,-60.0000,1.96878659e-007
4650.0000,50.0000,-60.0000,8.77305411e-006
4750.0000,50.0000,-60.0000,1.06344176e-002
4850.0000,50.0000,-60.0000,8.52084830e-002
4950.0000,50.0000,-60.0000,2.28710964e-001
5050.0000,50.0000,-60.0000,4.19226438e-001
5150.0000,50.0000,-60.0000,6.52173221e-001
5250.0000,50.0000,-60.0000,9.22380567e-001
5350.0000,50.0000,-60.0000,1.21004546e+000
5450.0000,50.0000,-60.0000,1.51076686e+000
5550.0000,50.0000,-60.0000,1.82190275e+000
5650.0000,50.0000,-60.0000,2.14216423e+000
5750.0000,50.0000,-60.0000,2.46722579e+000
5850.0000,50.0000,-60.0000,2.79779506e+000
5950.0000,50.0000,-60.0000,3.13623166e+000
6050.0000,50.0000,-60.0000,3.48363733e+000
6150.0000,50.0000,-60.0000,3.84247351e+000
6250.0000,50.0000,-60.0000,4.21423864e+000
6350.0000,50.0000,-60.0000,4.59992743e+000
6450.0000,50.0000,-60.0000,5.00326300e+000
6550.0000,50.0000,-60.0000,5.41747570e+000
6650.0000,50.0000,-60.0000,6.11323214e+000
6750.0000,50.0000,-60.0000,1.03144274e+001
6850.0000,50.0000,-60.0000,1.37973585e+001
6950.0000,50.0000,-60.0000,1.53039846e+001
7050.0000,50.0000,-60.0000,1.63232269e+001
7150.0000,50.0000,-60.0000,1.68158493e+001
7250.0000,50.0000,-60.0000,1.71656532e+001
7350.0000,50.0000,-60.0000,1.74879475e+001
7450.0000,50.0000,-60.0000,1.78113785e+001
7550.0000,50.0000,-60.0000,1.80641918e+001
7650.0000,50.0000,-60.0000,1.69817486e+001
7750.0000,50.0000,-60.0000,1.75696774e+001
7850.0000,50.0000,-60.0000,1.92082481e+001
7950.0000,50.0000,-60.0000,1.96912575e+001
8050.0000,50.0000,-60.0000,2.00756683e+001
8150.0000,50.0000,-60.0000,2.09077854e+001
8250.0000,50.0000,-60.0000,2.63130093e+001
8350.0000,50.0000,-60.0000,2.73451920e+001
8450.0000,50.0000,-60.0000,2.68815727e+001
8550.0000,50.0000,-60.0000,2.51154022e+001
50.0000,50.0000,-65.0000,0.00000000e+000
150.0000,50.0000,-65.0000,0.00000000e+000
250.0000,50.0000,-65.0000,0.00000000e+000
350.0000,50.0000,-65.0000,0.00000000e+000
450.0000,50.0000,-65.0000,0.00000000e+000
550.0000,50.0000,-65.0000,0.00000000e+000
650.0000,50.0000,-65.0000,0.00000000e+000
750.0000,50.0000,-65.0000,0.00000000e+000
850.0000,50.0000,-65.0000,0.00000000e+000
950.0000,50.0000,-65.0000,0.00000000e+000
1050.0000,50.0000,-65.0000,0.00000000e+000
1150.0000,50.0000,-65.0000,0.00000000e+000
1250.0000,50.0000,-65.0000,0.00000000e+000
1350.0000,50.0000,-65.0000,0.00000000e+000
1450.0000,50.0000,-65.0000,0.00000000e+000
1550.0000,50.0000,-65.0000,0.00000000e+000
1650.0000,50.0000,-65.0000,0.00000000e+000
1750.0000,50.0000,-65.0000,0.00000000e+000
1850.0000,50.0000,-65.0000,0.00000000e+000
1950.0000,50.0000,-65.0000,0.00000000e+000
2050.0000,50.0000,-65.0000,0.00000000e+000
2150.0000,50.0000,-65.0000,0.00000000e+000
2250.0000,50.0000,-65.0000,0.00000000e+000
2350.0000,50.0000,-65.0000,0.00000000e+000
2450.0000,50.0000,-65.0000,0.00000000e+000
2550.0000,50.0000,-65.0000,0.00000000e+000
2650.0000,50.0000,-65.0000,0.00000000e+000
2750.0000,50.0000,-65.0000,0.00000000e+000
2850.0000,50.0000,-65.0000,0.00000000e+000
2950.0000,50.0000,-65.0000,0.00000000e+000
3050.0000,50.0000,-65.0000,0.00000000e+000
3150.0000,50.0000,-65.0000,0.00000000e+000
3250.0000,50.0000,-65.0000,0.00000000e+000
3350.0000,50.0000,-65.0000,0.00000000e+000
3450.0000,50.0000,-65.0000,3.80043550e-038
3550.0000,50.0000,-65.0000,6.24052240e-038
3650.0000,50.0000,-65.0000,1.68809397e-035
3750.0000,50.0000,-65.0000,1.23648252e-032
3850.0000,50.0000,-65.0000,9.65847773e-030
3950.0000,50.0000,-65.0000,8.22294895e-027
4050.0000,50.0000,-65.0000,8.28827675e-024
4150.0000,50.0000,-65.0000,8.92303961e-021
4250.0000,50.0000,-65.0000,9.64663738e-018
4350.0000,50.0000,-65.0000,1.03990946e-014
4450.0000,50.0000,-65.0000,1.10394463e-011
4550.0000,50.0000,-65.0000,1.14505028e-008
4650.0000,50.0000,-65.0000,1.00279958e-005
4750.0000,50.0000,-65.0000,1.32467691e-002
4850.0000,50.0000,-65.0000,1.14332102e-001
4950.0000,50.0000,-65.0000,2.99890876e-001
5050.0000,50.0000,-65.0000,5.41571558e-001
5150.0000,50.0000,-65.0000,8.33292842e-001
5250.0000,50.0000,-65.0000,1.16881454e+000
5350.0000,50.0000,-65.0000,1.52332985e+000
5450.0000,50.0000,-65.0000,1.89177585e+000
5550.0000,50.0000,-65.0000,2.27132082e+000
5650.0000,50.0000,-65.0000,2.66082478e+000
5750.0000,50.0000,-65.0000,3.05530977e+000
5850.0000,50.0000,-65.0000,3.45596552e+000
5950.0000,50.0000,-65.0000,3.86598015e+000
6050.0000,50.0000,-65.0000,4.28687477e+000
6150.0000,50.0000,-65.0000,4.72181845e+000
6250.0000,50.0000,-65.0000,5.17236519e+000
6350.0000,50.0000,-65.0000,5.63981390e+000
6450.0000,50.0000,-65.0000,6.12594414e+000
6550.0000,50.0000,-65.0000,6.62868023e+000
6650.0000,50.0000,-65.0000,7.24647379e+000
6750.0000,50.0000,-65.0000,9.17177677e+000
6850.0000,50.0000,-65.0000,1.08494987e+001
6950.0000,50.0000,-65.0000,1.17994299e+001
7050.0000,50.0000,-65.0000,1.25739746e+001
7150.0000,50.0000,-65.0000,1.31646776e+001
7250.0000,50.0000,-65.0000,1.37140036e+001
7350.0000,50.0000,-65.0000,1.42651825e+001
7450.0000,50.0000,-65.0000,1.48287125e+001
7550.0000,50.0000,-65.0000,1.53796358e+001
7650.0000,50.0000,-65.0000,1.55399561e+001
7750.0000,50.0000,-65.0000,1.62207470e+001
7850.0000,50.0000,-65.0000,1.72676735e+001
7950.0000,50.0000,-65.0000,1.79412174e+001
8050.0000,50.0000,-65.0000,1.85930653e+001
8150.0000,50.0000,-65.0000,1.94970970e+001
8250.0000,50.0000,-65.0000,2.28220444e+001
8350.0000,50.0000,-65.0000,2.38398323e+001
8450.0000,50.0000,-65.0000,2.41902332e+001
8550.0000,50.0000,-65.0000,2.40441208e+001
8650.0000,50.0000,-65.0000,2.40759716e+001
50.0000,50.0000,-70.0000,0.00000000e+000
150.0000,50.0000,-70.0000,0.00000000e+000
250.0000,50.0000,-70.0000,0.00000000e+000
350.0000,50.0000,-70.0000,0.00000000e+000
450.0000,50.0000,-70.0000,0.00000000e+000
550.0000,50.0000,-70.0000,0.00000000e+000
650.0000,50.0000,-70.0000,0.00000000e+000
750.0000,50.0000,-70.0000,0.00000000e+000
850.0000,50.0000,-70.0000,0.00000000e+000
950.0000,50.0000,-70.0000,0.00000000e+000
1050.0000,50.0000,-70.0000,0.00000000e+000
1150.0000,50.0000,-70.0000,0.00000000e+000
1250.0000,50.0000,-70.0000,0.00000000e+000
1350.0000,50.0000,-70.0000,0.00000000e+000
1450.0000,50.0000,-70.0000,0.00000000e+000
1550.0000,50.0000,-70.0000,0.00000000e+000
1650.0000,50.0000,-70.0000,0.00000000e+000
1750.0000,50.0000,-70.0000,0.00000000e+000
1850.0000,50.0000,-70.0000,0.00000000e+000
1950.0000,50.0000,-70.0000,0.00000000e+000
2050.0000,50.0000,-70.0000,0.00000000e+000
2150.0000,50.0000,-70.0000,0.00000000e+000
2250.0000,50.0000,-70.0000,0.00000000e+000
2350.0000,50.0000,-70.0000,0.00000000e+000
2450.0000,50.0000,-70.0000,0.00000000e+000
2550.0000,50.0000,-70.0000,0.00000000e+000
2650.0000,50.0000,-70.0000,0.00000000e+000
2750.0000,50.0000,-70.0000,0.00000000e+000
2850.0000,50.0000,-70.0000,0.00000000e+000
2950.0000,50.0000,-70.0000,0.00000000e+000
3050.0000,50.0000,-70.0000,0.00000000e+000
3150.0000,50.0000,-70.0000,0.00000000e+000
3250.0000,50.0000,-70.0000,0.00000000e+000
3350.0000,50.0000,-70.0000,0.00000000e+000
3450.0000,50.0000,-70.0000,4.00238783e-038
3550.0000,50.0000,-70.0000,4.49719893e-038
3650.0000,50.0000,-70.0000,2.13864297e-036
3750.0000,50.0000,-70.0000,8.31670794e-034
3850.0000,50.0000,-70.0000,3.49563596e-031
3950.0000,50.0000,-70.0000,1.52059993e-028
4050.0000,50.0000,-70.0000,1.25557382e-025
4150.0000,50.0000,-70.0000,1.41488792e-022
4250.0000,50.0000,-70.0000,1.79471775e-019
4350.0000,50.0000,-70.0000,2.80314913e-016
4450.0000,50.0000,-70.0000,5.79326192e-013
4550.0000,50.0000,-70.0000,1.54501167e-009
4650.0000,50.0000,-70.0000,4.69400675e-006
4750.0000,50.0000,-70.0000,1.33453645e-002
4850.0000,50.0000,-70.0000,1.35034993e-001
4950.0000,50.0000,-70.0000,3.48613650e-001
5050.0000,50.0000,-70.0000,6.23198867e-001
5150.0000,50.0000,-70.0000,9.51601028e-001
5250.0000,50.0000,-70.0000,1.32699072e+000
5350.0000,50.0000,-70.0000,1.72145343e+000
5450.0000,50.0000,-70.0000,2.12968540e+000
5550.0000,50.0000,-70.0000,2.54890013e+000
5650.0000,50.0000,-70.0000,2.97821808e+000
5750.0000,50.0000,-70.0000,3.41240573e+000
5850.0000,50.0000,-70.0000,3.85306334e+000
5950.0000,50.0000,-70.0000,4.30397367e+000
6050.0000,50.0000,-70.0000,4.76692867e+000
6150.0000,50.0000,-70.0000,5.24557829e+000
6250.0000,50.0000,-70.0000,5.74154711e+000
6350.0000,50.0000,-70.0000,6.25637436e+000
6450.0000,50.0000,-70.0000,6.79073572e+000
6550.0000,50.0000,-70.0000,7.34524870e+000
6650.0000,50.0000,-70.0000,7.92050886e+000
6750.0000,50.0000,-70.0000,8.52562809e+000
6850.0000,50.0000,-70.0000,9.15010166e+000
6950.0000,50.0000,-70.0000,9.79124546e+000
7050.0000,50.0000,-70.0000,1.04514313e+001
7150.0000,50.0000,-70.0000,1.11312284e+001
7250.0000,50.0000,-70.0000,1.18313904e+001
7350.0000,50.0000,-70.0000,1.25522757e+001
7450.0000,50.0000,-70.0000,1.32940931e+001
7550.0000,50.0000,-70.0000,1.40570545e+001
7650.0000,50.0000,-70.0000,1.48405170e+001
7750.0000,50.0000,-70.0000,1.56465464e+001
7850.0000,50.0000,-70.0000,1.64760036e+001
7950.0000,50.0000,-70.0000,1.73269653e+001
8050.0000,50.0000,-70.0000,1.82010193e+001
8150.0000,50.0000,-70.0000,1.90995903e+001
8250.0000,50.0000,-70.0000,2.00318089e+001
8350.0000,50.0000,-70.0000,2.09810905e+001
8450.0000,50.0000,-70.0000,2.19841347e+001
8550.0000,50.0000,-70.0000,2.29887066e+001
8650.0000,50.0000,-70.0000,2.40553303e+001
8750.0000,50.0000,-70.0000,2.55254173e+001
8850.0000,50.0000,-70.0000,2.61742077e+001
2050.0000,50.0000,-75.0000,0.00000000e+000
2150.0000,50.0000,-75.0000,0.00000000e+000
2250.0000,50.0000,-75.0000,0.00000000e+000
2350.0000,50.0000,-75.0000,0.00000000e+000
2450.0000,50.0000,-75.0000,0.00000000e+000
2550.0000,50.0000,-75.0000,0.00000000e+000
2650.0000,50.0000,-75.0000,0.00000000e+000
2750.0000,50.0000,-75.0000,0.00000000e+000
2850.0000,50.0000,-75.0000,0.00000000e+000
2950.0000,50.0000,-75.0000,0.00000000e+000
3050.0000,50.0000,-75.0000,0.00000000e+000
3150.0000,50.0000,-75.0000,0.00000000e+000
3250.0000,50.0000,-75.0000,0.00000000e+000
3350.0000,50.0000,-75.0000,0.00000000e+000
3450.0000,50.0000,-75.0000,5.58656724e-038
3550.0000,50.0000,-75.0000,1.01622198e-037
3650.0000,50.0000,-75.0000,3.41267936e-035
3750.0000,50.0000,-75.0000,2.41682711e-032
3850.0000,50.0000,-75.0000,1.39769145e-029
3950.0000,50.0000,-75.0000,3.99721136e-027
4050.0000,50.0000,-75.0000,8.25850396e-025
4150.0000,50.0000,-75.0000,4.68700558e-022
4250.0000,50.0000,-75.0000,3.87148134e-019
4350.0000,50.0000,-75.0000,4.51679525e-016
4450.0000,50.0000,-75.0000,7.00570461e-013
4550.0000,50.0000,-75.0000,1.58968450e-009
4650.0000,50.0000,-75.0000,5.02260218e-006
4750.0000,50.0000,-75.0000,1.53944315e-002
4850.0000,50.0000,-75.0000,1.35139272e-001
4950.0000,50.0000,-75.0000,3.48817408e-001
5050.0000,50.0000,-75.0000,6.23521149e-001
5150.0000,50.0000,-75.0000,9.52063918e-001
5250.0000,50.0000,-75.0000,1.32761025e+000
5350.0000,50.0000,-75.0000,1.72222817e+000
5450.0000,50.0000,-75.0000,2.13062644e+000
5550.0000,50.0000,-75.0000,2.55002403e+000
5650.0000,50.0000,-75.0000,2.97954965e+000
5750.0000,50.0000,-75.0000,3.41396236e+000
5850.0000,50.0000,-75.0000,3.85484147e+000
5950.0000,50.0000,-75.0000,4.30596304e+000
6050.0000,50.0000,-75.0000,4.76910925e+000
6150.0000,50.0000,-75.0000,5.24796629e+000
6250.0000,50.0000,-75.0000,5.74418497e+000
6350.0000,50.0000,-75.0000,6.25927925e+000
6450.0000,50.0000,-75.0000,6.79389620e+000
6550.0000,50.0000,-75.0000,7.34864712e+000
6650.0000,50.0000,-75.0000,7.92363310e+000
6750.0000,50.0000,-75.0000,8.52336407e+000
6850.0000,50.0000,-75.0000,9.14491177e+000
6950.0000,50.0000,-75.0000,9.78588009e+000
7050.0000,50.0000,-75.0000,1.04464884e+001
7150.0000,50.0000,-75.0000,1.11270351e+001
7250.0000,50.0000,-75.0000,1.18279047e+001
7350.0000,50.0000,-75.0000,1.25493898e+001
7450.0000,50.0000,-75.0000,1.32917299e+001
7550.0000,50.0000,-75.0000,1.40552168e+001
7650.0000,50.0000,-75.0000,1.48396902e+001
7750.0000,50.0000,-75.0000,1.56459990e+001
7850.0000,50.0000,-75.0000,1.64752159e+001
7950.0000,50.0000,-75.0000,1.73263969e+001
8050.0000,50.0000,-75.0000,1.82008076e+001
8150.0000,50.0000,-75.0000,1.90993004e+001
8250.0000,50.0000,-75.0000,2.00288353e+001
8350.0000,50.0000,-75.0000,2.09786854e+001
8450.0000,50.0000,-75.0000,2.19835911e+001
8550.0000,50.0000,-75.0000,2.29929333e+001
8650.0000,50.0000,-75.0000,2.40550537e+001
8750.0000,50.0000,-75.0000,2.55208740e+001
8850.0000,50.0000,-75.0000,2.60672798e+001
8950.0000,50.0000,-75.0000,3.16007271e+001
2550.0000,50.0000,-80.0000,0.00000000e+000
2650.0000,50.0000,-80.0000,0.00000000e+000
2750.0000,50.0000,-80.0000,0.00000000e+000
2850.0000,50.0000,-80.0000,0.00000000e+000
2950.0000,50.0000,-80.0000,0.00000000e+000
3050.0000,50.0000,-80.0000,0.00000000e+000
3150.0000,50.0000,-80.0000,0.00000000e+000
3250.0000,50.0000,-80.0000,0.00000000e+000
3350.0000,50.0000,-80.0000,0.00000000e+000
3450.0000,50.0000,-80.0000,1.01155084e-037
3550.0000,50.0000,-80.0000,3.48615256e-037
3650.0000,50.0000,-80.0000,2.65951418e-034
3750.0000,50.0000,-80.0000,2.72365450e-031
3850.0000,50.0000,-80.0000,2.39147319e-028
3950.0000,50.0000,-80.0000,7.63713437e-026
4050.0000,50.0000,-80.0000,1.63755344e-023
4150.0000,50.0000,-80.0000,1.75332579e-020
4250.0000,50.0000,-80.0000,1.77765117e-017
4350.0000,50.0000,-80.0000,1.64572539e-014
4450.0000,50.0000,-80.0000,1.31510289e-011
4550.0000,50.0000,-80.0000,7.18818116e-009
4650.0000,50.0000,-80.0000,8.86161888e-006
4750.0000,50.0000,-80.0000,3.08663901e-002
4850.0000,50.0000,-80.0000,1.77401945e-001
4950.0000,50.0000,-80.0000,4.14694428e-001
5050.0000,50.0000,-80.0000,7.05318570e-001
5150.0000,50.0000,-80.0000,1.04937041e+000
5250.0000,50.0000,-80.0000,1.43617940e+000
5350.0000,50.0000,-80.0000,1.83467829e+000
5450.0000,50.0000,-80.0000,2.24661064e+000
5550.0000,50.0000,-80.0000,2.66912103e+000
5650.0000,50.0000,-80.0000,3.10138321e+000
5750.0000,50.0000,-80.0000,3.53726125e+000
5850.0000,50.0000,-80.0000,3.98014331e+000
5950.0000,50.0000,-80.0000,4.43413401e+000
6050.0000,50.0000,-80.0000,4.90092134e+000
6150.0000,50.0000,-80.0000,5.38448572e+000
6250.0000,50.0000,-80.0000,5.88587141e+000
6350.0000,50.0000,-80.0000,6.40650368e+000
6450.0000,50.0000,-80.0000,6.94679880e+000
6550.0000,50.0000,-80.0000,7.50735712e+000
6650.0000,50.0000,-80.0000,8.08815384e+000
6750.0000,50.0000,-80.0000,8.69188690e+000
6850.0000,50.0000,-80.0000,9.31766510e+000
6950.0000,50.0000,-80.0000,9.96391582e+000
7050.0000,50.0000,-80.0000,1.06303444e+001
7150.0000,50.0000,-80.0000,1.13169832e+001
7250.0000,50.0000,-80.0000,1.20239992e+001
7350.0000,50.0000,-80.0000,1.27516117e+001
7450.0000,50.0000,-80.0000,1.35001049e+001
7550.0000,50.0000,-80.0000,1.42698383e+001
7650.0000,50.0000,-80.0000,1.50608416e+001
7750.0000,50.0000,-80.0000,1.58735514e+001
7850.0000,50.0000,-80.0000,1.67090206e+001
7950.0000,50.0000,-80.0000,1.75664673e+001
8050.0000,50.0000,-80.0000,1.84476528e+001
8150.0000,50.0000,-80.0000,1.93528728e+001
8250.0000,50.0000,-80.0000,2.02884064e+001
8350.0000,50.0000,-80.0000,2.12465153e+001
8450.0000,50.0000,-80.0000,2.22669277e+001
8550.0000,50.0000,-80.0000,2.32843132e+001
8650.0000,50.0000,-80.0000,2.43676167e+001
8750.0000,50.0000,-80.0000,2.58936157e+001
8850.0000,50.0000,-80.0000,2.72582016e+001
8950.0000,50.0000,-80.0000,3.24188614e+001
9050.0000,50.0000,-80.0000,3.50048256e+001
3050.0000,50.0000,-85.0000,0.00000000e+000
3150.0000,50.0000,-85.0000,0.00000000e+000
3250.0000,50.0000,-85.0000,0.00000000e+000
3350.0000,50.0000,-85.0000,0.00000000e+000
3450.0000,50.0000,-85.0000,2.57936224e-037
3550.0000,50.0000,-85.0000,5.64001556e-037
3650.0000,50.0000,-85.0000,6.96402389e-034
3750.0000,50.0000,-85.0000,1.70561466e-030
3850.0000,50.0000,-85.0000,3.54770278e-027
3950.0000,50.0000,-85.0000,1.54660677e-024
4050.0000,50.0000,-85.0000,5.01523527e-023
4150.0000,50.0000,-85.0000,8.63512841e-020
4250.0000,50.0000,-85.0000,1.27836568e-016
4350.0000,50.0000,-85.0000,1.68308049e-013
4450.0000,50.0000,-85.0000,1.95369984e-010
4550.0000,50.0000,-85.0000,1.40015146e-007
4650.0000,50.0000,-85.0000,1.85618293e-004
4750.0000,50.0000,-85.0000,6.81245998e-002
4850.0000,50.0000,-85.0000,2.75245279e-001
4950.0000,50.0000,-85.0000,5.67127347e-001
5050.0000,50.0000,-85.0000,8.96597147e-001
5150.0000,50.0000,-85.0000,1.28274024e+000
5250.0000,50.0000,-85.0000,1.69201219e+000
5350.0000,50.0000,-85.0000,2.09827662e+000
5450.0000,50.0000,-85.0000,2.51890874e+000
5550.0000,50.0000,-85.0000,2.94954515e+000
5650.0000,50.0000,-85.0000,3.38896632e+000
5750.0000,50.0000,-85.0000,3.82879329e+000
5850.0000,50.0000,-85.0000,4.27498341e+000
5950.0000,50.0000,-85.0000,4.73381281e+000
6050.0000,50.0000,-85.0000,5.20933008e+000
6150.0000,50.0000,-85.0000,5.70407391e+000
6250.0000,50.0000,-85.0000,6.21784735e+000
6350.0000,50.0000,-85.0000,6.75166750e+000
6450.0000,50.0000,-85.0000,7.30558014e+000
6550.0000,50.0000,-85.0000,7.88013268e+000
6650.0000,50.0000,-85.0000,8.47519207e+000
6750.0000,50.0000,-85.0000,9.09188938e+000
6850.0000,50.0000,-85.0000,9.73045540e+000
6950.0000,50.0000,-85.0000,1.03903427e+001
7050.0000,50.0000,-85.0000,1.10710611e+001
7150.0000,50.0000,-85.0000,1.17723446e+001
7250.0000,50.0000,-85.0000,1.24941311e+001
7350.0000,50.0000,-85.0000,1.32365913e+001
7450.0000,50.0000,-85.0000,1.40001240e+001
7550.0000,50.0000,-85.0000,1.47851658e+001
7650.0000,50.0000,-85.0000,1.55918016e+001
7750.0000,50.0000,-85.0000,1.64200096e+001
7850.0000,50.0000,-85.0000,1.72710514e+001
7950.0000,50.0000,-85.0000,1.81440792e+001
8050.0000,50.0000,-85.0000,1.90420017e+001
8150.0000,50.0000,-85.0000,1.99638100e+001
8250.0000,50.0000,-85.0000,2.09171848e+001
8350.0000,50.0000,-85.0000,2.18943005e+001
8450.0000,50.0000,-85.0000,2.29511299e+001
8550.0000,50.0000,-85.0000,2.39707870e+001
8650.0000,50.0000,-85.0000,2.51183205e+001
8750.0000,50.0000,-85.0000,2.69193478e+001
8850.0000,50.0000,-85.0000,2.92539444e+001
8950.0000,50.0000,-85.0000,3.34200401e+001
9050.0000,50.0000,-85.0000,3.50303688e+001
9150.0000,50.0000,-85.0000,3.50405273e+001
3450.0000,50.0000,-90.0000,1.37601841e-036
3550.0000,50.0000,-90.0000,2.18108227e-036
3650.0000,50.0000,-90.0000,2.09706117e-033
3750.0000,50.0000,-90.0000,5.23212536e-030
3850.0000,50.0000,-90.0000,1.34123749e-026
3950.0000,50.0000,-90.0000,3.42492229e-023
4050.0000,50.0000,-90.0000,7.12455688e-023
4150.0000,50.0000,-90.0000,7.05913027e-020
4250.0000,50.0000,-90.0000,1.70174888e-016
4350.0000,50.0000,-90.0000,4.54645327e-013
4450.0000,50.0000,-90.0000,1.26583410e-009
4550.0000,50.0000,-90.0000,2.66096890e-006
4650.0000,50.0000,-90.0000,5.20433579e-003
4750.0000,50.0000,-90.0000,1.42999992e-001
4850.0000,50.0000,-90.0000,4.66648698e-001
4950.0000,50.0000,-90.0000,8.66476655e-001
5050.0000,50.0000,-90.0000,1.28305030e+000
5150.0000,50.0000,-90.0000,1.77318168e+000
5250.0000,50.0000,-90.0000,2.19055653e+000
5350.0000,50.0000,-90.0000,2.61133862e+000
5450.0000,50.0000,-90.0000,3.05089855e+000
5550.0000,50.0000,-90.0000,3.50101876e+000
5650.0000,50.0000,-90.0000,3.95623088e+000
5750.0000,50.0000,-90.0000,4.40569782e+000
5850.0000,50.0000,-90.0000,4.85173512e+000
5950.0000,50.0000,-90.0000,5.31405878e+000
6050.0000,50.0000,-90.0000,5.81079769e+000
6150.0000,50.0000,-90.0000,6.32837486e+000
6250.0000,50.0000,-90.0000,6.86832666e+000
6350.0000,50.0000,-90.0000,7.42937946e+000
6450.0000,50.0000,-90.0000,8.01204395e+000
6550.0000,50.0000,-90.0000,8.61631107e+000
6650.0000,50.0000,-90.0000,9.24212170e+000
6750.0000,50.0000,-90.0000,9.88927841e+000
6850.0000,50.0000,-90.0000,1.05582628e+001
6950.0000,50.0000,-90.0000,1.12491732e+001
7050.0000,50.0000,-90.0000,1.19614305e+001
7150.0000,50.0000,-90.0000,1.26946459e+001
7250.0000,50.0000,-90.0000,1.34487991e+001
7350.0000,50.0000,-90.0000,1.42242956e+001
7450.0000,50.0000,-90.0000,1.50216322e+001
7550.0000,50.0000,-90.0000,1.58408546e+001
7650.0000,50.0000,-90.0000,1.66817703e+001
7750.0000,50.0000,-90.0000,1.75445309e+001
7850.0000,50.0000,-90.0000,1.84312782e+001
7950.0000,50.0000,-90.0000,1.93402138e+001
8050.0000,50.0000,-90.0000,2.02756519e+001
8150.0000,50.0000,-90.0000,2.12368774e+001
8250.0000,50.0000,-90.0000,2.22355385e+001
8350.0000,50.0000,-90.0000,2.32630138e+001
8450.0000,50.0000,-90.0000,2.43814373e+001
8550.0000,50.0000,-90.0000,2.54300499e+001
8650.0000,50.0000,-90.0000,2.69590492e+001
8750.0000,50.0000,-90.0000,2.98114605e+001
8850.0000,50.0000,-90.0000,3.28722191e+001
8950.0000,50.0000,-90.0000,3.43208885e+001
9050.0000,50.0000,-90.0000,3.50271988e+001
9150.0000,50.0000,-90.0000,3.50746117e+001
9250.0000,50.0000,-90.0000,3.48884659e+001
9350.0000,50.0000,-90.0000,3.50178833e+001
3950.0000,50.0000,-95.0000,5.29949435e-022
4050.0000,50.0000,-95.0000,6.63137732e-022
4150.0000,50.0000,-95.0000,4.16987253e-019
4250.0000,50.0000,-95.0000,1.17926563e-015
4350.0000,50.0000,-95.0000,3.56172101e-012
4450.0000,50.0000,-95.0000,1.10389005e-008
4550.0000,50.0000,-95.0000,3.41278901e-005
4650.0000,50.0000,-95.0000,2.25629956e-002
4750.0000,50.0000,-95.0000,3.14188242e-001
4850.0000,50.0000,-95.0000,9.24795985e-001
4950.0000,50.0000,-95.0000,1.69975996e+000
5050.0000,50.0000,-95.0000,2.53992510e+000
5150.0000,50.0000,-95.0000,3.12228084e+000
5250.0000,50.0000,-95.0000,3.23159957e+000
5350.0000,50.0000,-95.0000,3.83441854e+000
5450.0000,50.0000,-95.0000,4.28955221e+000
5550.0000,50.0000,-95.0000,4.81642771e+000
5650.0000,50.0000,-95.0000,5.29036236e+000
5750.0000,50.0000,-95.0000,5.75723696e+000
5850.0000,50.0000,-95.0000,6.17598820e+000
5950.0000,50.0000,-95.0000,6.66402435e+000
6050.0000,50.0000,-95.0000,7.24737120e+000
6150.0000,50.0000,-95.0000,7.81570768e+000
6250.0000,50.0000,-95.0000,8.43697643e+000
6350.0000,50.0000,-95.0000,9.07331276e+000
6450.0000,50.0000,-95.0000,9.74580574e+000
6550.0000,50.0000,-95.0000,1.04427071e+001
6650.0000,50.0000,-95.0000,1.11705294e+001
6750.0000,50.0000,-95.0000,1.19233036e+001
6850.0000,50.0000,-95.0000,1.26994286e+001
6950.0000,50.0000,-95.0000,1.34981766e+001
7050.0000,50.0000,-95.0000,1.43209028e+001
7150.0000,50.0000,-95.0000,1.51691074e+001
7250.0000,50.0000,-95.0000,1.60440369e+001
7350.0000,50.0000,-95.0000,1.69456501e+001
7450.0000,50.0000,-95.0000,1.78725510e+001
7550.0000,50.0000,-95.0000,1.88242493e+001
7650.0000,50.0000,-95.0000,1.98043194e+001
7750.0000,50.0000,-95.0000,2.08181705e+001
7850.0000,50.0000,-95.0000,2.18650417e+001
7950.0000,50.0000,-95.0000,2.29501286e+001
8050.0000,50.0000,-95.0000,2.40691910e+001
8150.0000,50.0000,-95.0000,2.52519798e+001
8250.0000,50.0000,-95.0000,2.64880047e+001
8350.0000,50.0000,-95.0000,2.78068428e+001
8450.0000,50.0000,-95.0000,2.91231289e+001
8550.0000,50.0000,-95.0000,3.08755856e+001
8650.0000,50.0000,-95.0000,3.25561447e+001
8750.0000,50.0000,-95.0000,3.30472412e+001
8850.0000,50.0000,-95.0000,3.40236626e+001
8950.0000,50.0000,-95.0000,3.46823769e+001
9050.0000,50.0000,-95.0000,3.50659370e+001
9150.0000,50.0000,-95.0000,3.50988617e+001
9250.0000,50.0000,-95.0000,3.49500465e+001
9350.0000,50.0000,-95.0000,3.50432281e+001
9450.0000,50.0000,-95.0000,3.50283546e+001
4550.0000,50.0000,-100.0000,1.45936455e-003
4650.0000,50.0000,-100.0000,6.49175271e-002
4750.0000,50.0000,-100.0000,7.51562297e-001
4850.0000,50.0000,-100.0000,1.34813631e+000
4950.0000,50.0000,-100.0000,2.16927648e+000
5050.0000,50.0000,-100.0000,3.20118451e+000
5150.0000,50.0000,-100.0000,4.53082418e+000
5250.0000,50.0000,-100.0000,5.33875704e+000
5350.0000,50.0000,-100.0000,5.85137606e+000
5450.0000,50.0000,-100.0000,6.63403797e+000
5550.0000,50.0000,-100.0000,7.44174337e+000
5650.0000,50.0000,-100.0000,8.36485481e+000
5750.0000,50.0000,-100.0000,9.34383392e+000
5850.0000,50.0000,-100.0000,1.03706713e+001
5950.0000,50.0000,-100.0000,1.07981758e+001
6050.0000,50.0000,-100.0000,1.12265730e+001
6150.0000,50.0000,-100.0000,1.17317753e+001
6250.0000,50.0000,-100.0000,1.22567015e+001
6350.0000,50.0000,-100.0000,1.28311768e+001
6450.0000,50.0000,-100.0000,1.34362984e+001
6550.0000,50.0000,-100.0000,1.40795689e+001
6650.0000,50.0000,-100.0000,1.47543001e+001
6750.0000,50.0000,-100.0000,1.54616795e+001
6850.0000,50.0000,-100.0000,1.62004166e+001
6950.0000,50.0000,-100.0000,1.69697952e+001
7050.0000,50.0000,-100.0000,1.77681656e+001
7150.0000,50.0000,-100.0000,1.85939732e+001
7250.0000,50.0000,-100.0000,1.94457226e+001
7350.0000,50.0000,-100.0000,2.03224335e+001
7450.0000,50.0000,-100.0000,2.12238350e+001
7550.0000,50.0000,-100.0000,2.21499119e+001
7650.0000,50.0000,-100.0000,2.30995979e+001
7750.0000,50.0000,-100.0000,2.40704613e+001
7850.0000,50.0000,-100.0000,2.50609322e+001
7950.0000,50.0000,-100.0000,2.60706558e+001
8050.0000,50.0000,-100.0000,2.70984287e+001
8150.0000,50.0000,-100.0000,2.81344051e+001
8250.0000,50.0000,-100.0000,2.91769009e+001
8350.0000,50.0000,-100.0000,3.02299614e+001
8450.0000,50.0000,-100.0000,3.13195095e+001
8550.0000,50.0000,-100.0000,3.23840485e+001
8650.0000,50.0000,-100.0000,3.32778206e+001
8750.0000,50.0000,-100.0000,3.37617378e+001
8850.0000,50.0000,-100.0000,3.44503708e+001
8950.0000,50.0000,-100.0000,3.48851547e+001
9050.0000,50.0000,-100.0000,3.51322632e+001
9150.0000,50.0000,-100.0000,3.51825829e+001
9250.0000,50.0000,-100.0000,3.50017319e+001
9350.0000,50.0000,-100.0000,3.50780830e+001
9450.0000,50.0000,-100.0000,3.51059723e+001
9550.0000,50.0000,-100.0000,3.50943184e+001
9650.0000,50.0000,-100.0000,3.50587044e+001
5150.0000,50.0000,-105.0000,4.75155592e+000
5250.0000,50.0000,-105.0000,5.55331945e+000
5350.0000,50.0000,-105.0000,6.12017059e+000
5450.0000,50.0000,-105.0000,6.93096828e+000
5550.0000,50.0000,-105.0000,7.77726889e+000
5650.0000,50.0000,-105.0000,8.73491859e+000
5750.0000,50.0000,-105.0000,9.75397396e+000
5850.0000,50.0000,-105.0000,1.07705688e+001
5950.0000,50.0000,-105.0000,1.12511492e+001
6050.0000,50.0000,-105.0000,1.17216930e+001
6150.0000,50.0000,-105.0000,1.22494917e+001
6250.0000,50.0000,-105.0000,1.28067932e+001
6350.0000,50.0000,-105.0000,1.34066401e+001
6450.0000,50.0000,-105.0000,1.40392218e+001
6550.0000,50.0000,-105.0000,1.47072287e+001
6650.0000,50.0000,-105.0000,1.54060488e+001
6750.0000,50.0000,-105.0000,1.61354904e+001
6850.0000,50.0000,-105.0000,1.68947430e+001
6950.0000,50.0000,-105.0000,1.76835117e+001
7050.0000,50.0000,-105.0000,1.85004902e+001
7150.0000,50.0000,-105.0000,1.93438797e+001
7250.0000,50.0000,-105.0000,2.02117901e+001
7350.0000,50.0000,-105.0000,2.11033421e+001
7450.0000,50.0000,-105.0000,2.20191135e+001
7550.0000,50.0000,-105.0000,2.29591618e+001
7650.0000,50.0000,-105.0000,2.39204807e+001
7750.0000,50.0000,-105.0000,2.48993492e+001
7850.0000,50.0000,-105.0000,2.58959446e+001
7950.0000,50.0000,-105.0000,2.69094849e+001
8050.0000,50.0000,-105.0000,2.79302826e+001
8150.0000,50.0000,-105.0000,2.89474010e+001
8250.0000,50.0000,-105.0000,2.99693928e+001
8350.0000,50.0000,-105.0000,3.10019207e+001
8450.0000,50.0000,-105.0000,3.20050354e+001
8550.0000,50.0000,-105.0000,3.28879204e+001
8650.0000,50.0000,-105.0000,3.35985260e+001
8750.0000,50.0000,-105.0000,3.41123161e+001
8850.0000,50.0000,-105.0000,3.46794472e+001
8950.0000,50.0000,-105.0000,3.50085258e+001
9050.0000,50.0000,-105.0000,3.51711082e+001
9150.0000,50.0000,-105.0000,3.51512566e+001
9250.0000,50.0000,-105.0000,3.52651520e+001
9350.0000,50.0000,-105.0000,3.52501869e+001
9450.0000,50.0000,-105.0000,3.51990662e+001
9550.0000,50.0000,-105.0000,3.51160278e+001
9650.0000,50.0000,-105.0000,3.50725365e+001
9750.0000,50.0000,-105.0000,3.50775719e+001
9850.0000,50.0000,-105.0000,3.50473251e+001
5850.0000,50.0000,-110.0000,1.08766651e+001
5950.0000,50.0000,-110.0000,1.13990736e+001
6050.0000,50.0000,-110.0000,1.18813505e+001
6150.0000,50.0000,-110.0000,1.24189253e+001
6250.0000,50.0000,-110.0000,1.29877834e+001
6350.0000,50.0000,-110.0000,1.35976086e+001
6450.0000,50.0000,-110.0000,1.42404604e+001
6550.0000,50.0000,-110.0000,1.49178801e+001
6650.0000,50.0000,-110.0000,1.56257658e+001
6750.0000,50.0000,-110.0000,1.63637772e+001
6850.0000,50.0000,-110.0000,1.71312866e+001
6950.0000,50.0000,-110.0000,1.79279919e+001
7050.0000,50.0000,-110.0000,1.87525120e+001
7150.0000,50.0000,-110.0000,1.96029129e+001
7250.0000,50.0000,-110.0000,2.04773865e+001
7350.0000,50.0000,-110.0000,2.13754635e+001
7450.0000,50.0000,-110.0000,2.22978916e+001
7550.0000,50.0000,-110.0000,2.32439823e+001
7650.0000,50.0000,-110.0000,2.42100544e+001
7750.0000,50.0000,-110.0000,2.51932716e+001
7850.0000,50.0000,-110.0000,2.61941948e+001
7950.0000,50.0000,-110.0000,2.72092133e+001
8050.0000,50.0000,-110.0000,2.82271194e+001
8150.0000,50.0000,-110.0000,2.92436581e+001
8250.0000,50.0000,-110.0000,3.02685680e+001
8350.0000,50.0000,-110.0000,3.12931499e+001
8450.0000,50.0000,-110.0000,3.22569656e+001
8550.0000,50.0000,-110.0000,3.30839462e+001
8650.0000,50.0000,-110.0000,3.37462120e+001
8750.0000,50.0000,-110.0000,3.42602119e+001
8850.0000,50.0000,-110.0000,3.47702255e+001
8950.0000,50.0000,-110.0000,3.50490608e+001
9050.0000,50.0000,-110.0000,3.51571693e+001
9150.0000,50.0000,-110.0000,3.50631256e+001
9250.0000,50.0000,-110.0000,3.55831261e+001
9350.0000,50.0000,-110.0000,3.48902817e+001
9450.0000,50.0000,-110.0000,3.51073875e+001
9550.0000,50.0000,-110.0000,3.51008606e+001
9650.0000,50.0000,-110.0000,3.50816231e+001
9750.0000,50.0000,-110.0000,3.50690804e+001
9850.0000,50.0000,-110.0000,3.50459175e+001
9950.0000,50.0000,-110.0000,3.50494652e+001
