X, Y, Z, Concentration
50.0000,50.0000,0.0000,0.00000000e+000
150.0000,50.0000,0.0000,0.00000000e+000
250.0000,50.0000,0.0000,0.00000000e+000
350.0000,50.0000,0.0000,0.00000000e+000
450.0000,50.0000,0.0000,0.00000000e+000
550.0000,50.0000,0.0000,0.00000000e+000
650.0000,50.0000,0.0000,1.41186902e-038
750.0000,50.0000,0.0000,7.16748918e-038
850.0000,50.0000,0.0000,2.56242670e-037
950.0000,50.0000,0.0000,6.68663664e-037
1050.0000,50.0000,0.0000,1.31623835e-036
1150.0000,50.0000,0.0000,2.04274268e-036
1250.0000,50.0000,0.0000,2.67145692e-036
1350.0000,50.0000,0.0000,3.08698384e-036
1450.0000,50.0000,0.0000,3.29435915e-036
1550.0000,50.0000,0.0000,3.60004006e-036
1650.0000,50.0000,0.0000,5.58308410e-036
1750.0000,50.0000,0.0000,1.52452583e-034
1850.0000,50.0000,0.0000,1.30181068e-033
1950.0000,50.0000,0.0000,1.26715573e-032
2050.0000,50.0000,0.0000,1.27301442e-031
2150.0000,50.0000,0.0000,1.28051988e-030
2250.0000,50.0000,0.0000,1.30076511e-029
2350.0000,50.0000,0.0000,1.35076397e-028
2450.0000,50.0000,0.0000,1.44399650e-027
2550.0000,50.0000,0.0000,1.58668725e-026
2650.0000,50.0000,0.0000,1.77501617e-025
2750.0000,50.0000,0.0000,1.99664206e-024
2850.0000,50.0000,0.0000,2.23902075e-023
2950.0000,50.0000,0.0000,2.49623207e-022
3050.0000,50.0000,0.0000,2.76275336e-021
3150.0000,50.0000,0.0000,3.03219371e-020
3250.0000,50.0000,0.0000,3.29768915e-019
3350.0000,50.0000,0.0000,3.55148383e-018
3450.0000,50.0000,0.0000,3.78207953e-017
3550.0000,50.0000,0.0000,3.97055641e-016
3650.0000,50.0000,0.0000,4.09247568e-015
3750.0000,50.0000,0.0000,4.12559831e-014
3850.0000,50.0000,0.0000,4.04959649e-013
3950.0000,50.0000,0.0000,3.84836694e-012
4050.0000,50.0000,0.0000,3.51449876e-011
4150.0000,50.0000,0.0000,3.05495351e-010
4250.0000,50.0000,0.0000,2.49562682e-009
4350.0000,50.0000,0.0000,1.88220479e-008
4450.0000,50.0000,0.0000,1.27817856e-007
4550.0000,50.0000,0.0000,7.54509415e-007
4650.0000,50.0000,0.0000,3.69213603e-006
4750.0000,50.0000,0.0000,1.42437639e-005
4850.0000,50.0000,0.0000,4.34519570e-005
4950.0000,50.0000,0.0000,1.11176792e-004
5050.0000,50.0000,0.0000,2.46419775e-004
5150.0000,50.0000,0.0000,4.85770259e-004
5250.0000,50.0000,0.0000,8.71146505e-004
5350.0000,50.0000,0.0000,1.44662615e-003
5450.0000,50.0000,0.0000,2.25635199e-003
5550.0000,50.0000,0.0000,3.34369554e-003
5650.0000,50.0000,0.0000,4.75121895e-003
5750.0000,50.0000,0.0000,6.52121101e-003
5850.0000,50.0000,0.0000,8.69699568e-003
5950.0000,50.0000,0.0000,1.13246823e-002
6050.0000,50.0000,0.0000,1.44567788e-002
6150.0000,50.0000,0.0000,1.81600358e-002
6250.0000,50.0000,0.0000,2.25379057e-002
6350.0000,50.0000,0.0000,2.78193988e-002
6450.0000,50.0000,0.0000,3.47797982e-002
6550.0000,50.0000,0.0000,4.77587432e-002
6650.0000,50.0000,0.0000,9.69891921e-002
6750.0000,50.0000,0.0000,3.58141601e-001
6850.0000,50.0000,0.0000,1.15297699e+000
6950.0000,50.0000,0.0000,2.82207203e+000
7050.0000,50.0000,0.0000,5.73130369e+000
50.0000,50.0000,-5.0000,0.00000000e+000
150.0000,50.0000,-5.0000,0.00000000e+000
250.0000,50.0000,-5.0000,0.00000000e+000
350.0000,50.0000,-5.0000,0.00000000e+000
450.0000,50.0000,-5.0000,0.00000000e+000
550.0000,50.0000,-5.0000,0.00000000e+000
650.0000,50.0000,-5.0000,2.34237170e-038
750.0000,50.0000,-5.0000,1.18410628e-037
850.0000,50.0000,-5.0000,4.16631190e-037
950.0000,50.0000,-5.0000,1.06995985e-036
1050.0000,50.0000,-5.0000,2.09062538e-036
1150.0000,50.0000,-5.0000,3.26122914e-036
1250.0000,50.0000,-5.0000,4.36901239e-036
1350.0000,50.0000,-5.0000,5.27155980e-036
1450.0000,50.0000,-5.0000,5.95858474e-036
1550.0000,50.0000,-5.0000,6.94076609e-036
1650.0000,50.0000,-5.0000,1.26404013e-035
1750.0000,50.0000,-5.0000,2.18664793e-034
1850.0000,50.0000,-5.0000,1.83994290e-033
1950.0000,50.0000,-5.0000,1.72307033e-032
2050.0000,50.0000,-5.0000,1.66295152e-031
2150.0000,50.0000,-5.0000,1.61122246e-030
2250.0000,50.0000,-5.0000,1.58123392e-029
2350.0000,50.0000,-5.0000,1.59172236e-028
2450.0000,50.0000,-5.0000,1.65720609e-027
2550.0000,50.0000,-5.0000,1.78487283e-026
2650.0000,50.0000,-5.0000,1.97045979e-025
2750.0000,50.0000,-5.0000,2.19792208e-024
2850.0000,50.0000,-5.0000,2.44952355e-023
2950.0000,50.0000,-5.0000,2.71822586e-022
3050.0000,50.0000,-5.0000,2.99801637e-021
3150.0000,50.0000,-5.0000,3.28189950e-020
3250.0000,50.0000,-5.0000,3.56258961e-019
3350.0000,50.0000,-5.0000,3.83278066e-018
3450.0000,50.0000,-5.0000,4.08228422e-017
3550.0000,50.0000,-5.0000,4.29230478e-016
3650.0000,50.0000,-5.0000,4.43580651e-015
3750.0000,50.0000,-5.0000,4.48873083e-014
3850.0000,50.0000,-5.0000,4.42860212e-013
3950.0000,50.0000,-5.0000,4.23640203e-012
4050.0000,50.0000,-5.0000,3.90100625e-011
4150.0000,50.0000,-5.0000,3.42553652e-010
4250.0000,50.0000,-5.0000,2.83318102e-009
4350.0000,50.0000,-5.0000,2.16860645e-008
4450.0000,50.0000,-5.0000,1.49797586e-007
4550.0000,50.0000,-5.0000,9.00478710e-007
4650.0000,50.0000,-5.0000,4.47662978e-006
4750.0000,50.0000,-5.0000,1.73703920e-005
4850.0000,50.0000,-5.0000,5.27326592e-005
4950.0000,50.0000,-5.0000,1.33933281e-004
5050.0000,50.0000,-5.0000,2.94139201e-004
5150.0000,50.0000,-5.0000,5.74082136e-004
5250.0000,50.0000,-5.0000,1.01942290e-003
5350.0000,50.0000,-5.0000,1.67706457e-003
5450.0000,50.0000,-5.0000,2.59317621e-003
5550.0000,50.0000,-5.0000,3.81263578e-003
5650.0000,50.0000,-5.0000,5.37919626e-003
5750.0000,50.0000,-5.0000,7.33615924e-003
5850.0000,50.0000,-5.0000,9.72786080e-003
5950.0000,50.0000,-5.0000,1.26013458e-002
6050.0000,50.0000,-5.0000,1.60100572e-002
6150.0000,50.0000,-5.0000,2.00218074e-002
6250.0000,50.0000,-5.0000,2.47425176e-002
6350.0000,50.0000,-5.0000,3.04144435e-002
6450.0000,50.0000,-5.0000,3.78654376e-002
6550.0000,50.0000,-5.0000,5.17778248e-002
6650.0000,50.0000,-5.0000,1.05883971e-001
6750.0000,50.0000,-5.0000,4.11262482e-001
6850.0000,50.0000,-5.0000,1.32087290e+000
6950.0000,50.0000,-5.0000,3.15220690e+000
7050.0000,50.0000,-5.0000,6.52924156e+000
7150.0000,50.0000,-5.0000,2.03972340e+001
50.0000,50.0000,-10.0000,0.00000000e+000
150.0000,50.0000,-10.0000,0.00000000e+000
250.0000,50.0000,-10.0000,0.00000000e+000
350.0000,50.0000,-10.0000,0.00000000e+000
450.0000,50.0000,-10.0000,0.00000000e+000
550.0000,50.0000,-10.0000,0.00000000e+000
650.0000,50.0000,-10.0000,3.46634577e-038
750.0000,50.0000,-10.0000,1.76025990e-037
850.0000,50.0000,-10.0000,6.21886169e-037
950.0000,50.0000,-10.0000,1.61093630e-036
1050.0000,50.0000,-10.0000,3.19200741e-036
1150.0000,50.0000,-10.0000,5.07409914e-036
1250.0000,50.0000,-10.0000,7.03843959e-036
1350.0000,50.0000,-10.0000,8.94863011e-036
1450.0000,50.0000,-10.0000,1.07923346e-035
1550.0000,50.0000,-10.0000,1.33996857e-035
1650.0000,50.0000,-10.0000,2.49680022e-035
1750.0000,50.0000,-10.0000,3.08444598e-034
1850.0000,50.0000,-10.0000,2.53923365e-033
1950.0000,50.0000,-10.0000,2.28591642e-032
2050.0000,50.0000,-10.0000,2.13500760e-031
2150.0000,50.0000,-10.0000,2.00533431e-030
2250.0000,50.0000,-10.0000,1.90737256e-029
2350.0000,50.0000,-10.0000,1.86057712e-028
2450.0000,50.0000,-10.0000,1.88103729e-027
2550.0000,50.0000,-10.0000,1.97931564e-026
2650.0000,50.0000,-10.0000,2.15383359e-025
2750.0000,50.0000,-10.0000,2.38508052e-024
2850.0000,50.0000,-10.0000,2.64603022e-023
2950.0000,50.0000,-10.0000,2.92820321e-022
3050.0000,50.0000,-10.0000,3.22523456e-021
3150.0000,50.0000,-10.0000,3.52938903e-020
3250.0000,50.0000,-10.0000,3.83265090e-019
3350.0000,50.0000,-10.0000,4.12854322e-018
3450.0000,50.0000,-10.0000,4.41016671e-017
3550.0000,50.0000,-10.0000,4.66072997e-016
3650.0000,50.0000,-10.0000,4.84901121e-015
3750.0000,50.0000,-10.0000,4.94839629e-014
3850.0000,50.0000,-10.0000,4.93311826e-013
3950.0000,50.0000,-10.0000,4.77912631e-012
4050.0000,50.0000,-10.0000,4.46809117e-011
4150.0000,50.0000,-10.0000,3.99465905e-010
4250.0000,50.0000,-10.0000,3.37482198e-009
4350.0000,50.0000,-10.0000,2.64797997e-008
4450.0000,50.0000,-10.0000,1.88103471e-007
4550.0000,50.0000,-10.0000,1.16459546e-006
4650.0000,50.0000,-10.0000,5.93987806e-006
4750.0000,50.0000,-10.0000,2.32633993e-005
4850.0000,50.0000,-10.0000,7.00747696e-005
4950.0000,50.0000,-10.0000,1.75998211e-004
5050.0000,50.0000,-10.0000,3.81085905e-004
5150.0000,50.0000,-10.0000,7.32369837e-004
5250.0000,50.0000,-10.0000,1.28074246e-003
5350.0000,50.0000,-10.0000,2.07639323e-003
5450.0000,50.0000,-10.0000,3.16738850e-003
5550.0000,50.0000,-10.0000,4.59978357e-003
5650.0000,50.0000,-10.0000,6.41819043e-003
5750.0000,50.0000,-10.0000,8.66670907e-003
5850.0000,50.0000,-10.0000,1.13907978e-002
5950.0000,50.0000,-10.0000,1.46388253e-002
6050.0000,50.0000,-10.0000,1.84661876e-002
6150.0000,50.0000,-10.0000,2.29439791e-002
6250.0000,50.0000,-10.0000,2.81860176e-002
6350.0000,50.0000,-10.0000,3.44671495e-002
6450.0000,50.0000,-10.0000,4.27222215e-002
6550.0000,50.0000,-10.0000,5.81346527e-002
6650.0000,50.0000,-10.0000,1.20903485e-001
6750.0000,50.0000,-10.0000,5.16068816e-001
6850.0000,50.0000,-10.0000,1.66146803e+000
6950.0000,50.0000,-10.0000,3.87886763e+000
7050.0000,50.0000,-10.0000,8.32017326e+000
7150.0000,50.0000,-10.0000,2.17740936e+001
7250.0000,50.0000,-10.0000,3.43561249e+001
7350.0000,50.0000,-10.0000,3.49291763e+001
50.0000,50.0000,-15.0000,0.00000000e+000
150.0000,50.0000,-15.0000,0.00000000e+000
250.0000,50.0000,-15.0000,0.00000000e+000
350.0000,50.0000,-15.0000,0.00000000e+000
450.0000,50.0000,-15.0000,0.00000000e+000
550.0000,50.0000,-15.0000,0.00000000e+000
650.0000,50.0000,-15.0000,4.67373760e-038
750.0000,50.0000,-15.0000,2.41237992e-037
850.0000,50.0000,-15.0000,8.70435487e-037
950.0000,50.0000,-15.0000,2.31237098e-036
1050.0000,50.0000,-15.0000,4.69606693e-036
1150.0000,50.0000,-15.0000,7.63024619e-036
1250.0000,50.0000,-15.0000,1.09931860e-035
1350.0000,50.0000,-15.0000,1.47932735e-035
1450.0000,50.0000,-15.0000,1.91472834e-035
1550.0000,50.0000,-15.0000,2.53735162e-035
1650.0000,50.0000,-15.0000,4.66254152e-035
1750.0000,50.0000,-15.0000,4.32056714e-034
1850.0000,50.0000,-15.0000,3.47970719e-033
1950.0000,50.0000,-15.0000,2.99025162e-032
2050.0000,50.0000,-15.0000,2.71443792e-031
2150.0000,50.0000,-15.0000,2.48467213e-030
2250.0000,50.0000,-15.0000,2.29806294e-029
2350.0000,50.0000,-15.0000,2.17281876e-028
2450.0000,50.0000,-15.0000,2.12637303e-027
2550.0000,50.0000,-15.0000,2.17528348e-026
2650.0000,50.0000,-15.0000,2.32593690e-025
2750.0000,50.0000,-15.0000,2.55781581e-024
2850.0000,50.0000,-15.0000,2.82748133e-023
2950.0000,50.0000,-15.0000,3.12450286e-022
3050.0000,50.0000,-15.0000,3.44245348e-021
3150.0000,50.0000,-15.0000,3.77272941e-020
3250.0000,50.0000,-15.0000,4.10582781e-019
3350.0000,50.0000,-15.0000,4.43575645e-018
3450.0000,50.0000,-15.0000,4.76130157e-017
3550.0000,50.0000,-15.0000,5.07147478e-016
3650.0000,50.0000,-15.0000,5.32849708e-015
3750.0000,50.0000,-15.0000,5.50262757e-014
3850.0000,50.0000,-15.0000,5.56403231e-013
3950.0000,50.0000,-15.0000,5.48194476e-012
4050.0000,50.0000,-15.0000,5.22748372e-011
4150.0000,50.0000,-15.0000,4.78158846e-010
4250.0000,50.0000,-15.0000,4.14794865e-009
4350.0000,50.0000,-15.0000,3.35480088e-008
4450.0000,50.0000,-15.0000,2.46516009e-007
4550.0000,50.0000,-15.0000,1.58140415e-006
4650.0000,50.0000,-15.0000,8.32113710e-006
4750.0000,50.0000,-15.0000,3.29553623e-005
4850.0000,50.0000,-15.0000,9.83254140e-005
4950.0000,50.0000,-15.0000,2.43834191e-004
5050.0000,50.0000,-15.0000,5.19436842e-004
5150.0000,50.0000,-15.0000,9.80557874e-004
5250.0000,50.0000,-15.0000,1.68459292e-003
5350.0000,50.0000,-15.0000,2.68495409e-003
5450.0000,50.0000,-15.0000,4.03105700e-003
5550.0000,50.0000,-15.0000,5.76955546e-003
5650.0000,50.0000,-15.0000,7.94544816e-003
5750.0000,50.0000,-15.0000,1.06033450e-002
5850.0000,50.0000,-15.0000,1.37899835e-002
5950.0000,50.0000,-15.0000,1.75554473e-002
6050.0000,50.0000,-15.0000,2.19581798e-002
6150.0000,50.0000,-15.0000,2.70748977e-002
6250.0000,50.0000,-15.0000,3.30330469e-002
6350.0000,50.0000,-15.0000,4.01637293e-002
6450.0000,50.0000,-15.0000,4.94763441e-002
6550.0000,50.0000,-15.0000,6.69224933e-002
6650.0000,50.0000,-15.0000,1.42350465e-001
6750.0000,50.0000,-15.0000,6.87709153e-001
6850.0000,50.0000,-15.0000,2.22084594e+000
6950.0000,50.0000,-15.0000,5.06743908e+000
7050.0000,50.0000,-15.0000,1.07484255e+001
7150.0000,50.0000,-15.0000,2.44774551e+001
7250.0000,50.0000,-15.0000,3.43683395e+001
7350.0000,50.0000,-15.0000,3.48708305e+001
7450.0000,50.0000,-15.0000,3.49153748e+001
50.0000,50.0000,-20.0000,0.00000000e+000
150.0000,50.0000,-20.0000,0.00000000e+000
250.0000,50.0000,-20.0000,0.00000000e+000
350.0000,50.0000,-20.0000,0.00000000e+000
450.0000,50.0000,-20.0000,0.00000000e+000
550.0000,50.0000,-20.0000,0.00000000e+000
650.0000,50.0000,-20.0000,5.79233895e-038
750.0000,50.0000,-20.0000,3.07114760e-037
850.0000,50.0000,-20.0000,1.14826001e-036
950.0000,50.0000,-20.0000,3.16787871e-036
1050.0000,50.0000,-20.0000,6.62460230e-036
1150.0000,50.0000,-20.0000,1.09605844e-035
1250.0000,50.0000,-20.0000,1.63865448e-035
1350.0000,50.0000,-20.0000,2.33891994e-035
1450.0000,50.0000,-20.0000,3.26678432e-035
1550.0000,50.0000,-20.0000,4.65685834e-035
1650.0000,50.0000,-20.0000,8.47081892e-035
1750.0000,50.0000,-20.0000,6.04814986e-034
1850.0000,50.0000,-20.0000,4.80404227e-033
1950.0000,50.0000,-20.0000,3.88074267e-032
2050.0000,50.0000,-20.0000,3.43116433e-031
2150.0000,50.0000,-20.0000,3.07563489e-030
2250.0000,50.0000,-20.0000,2.77710371e-029
2350.0000,50.0000,-20.0000,2.54927186e-028
2450.0000,50.0000,-20.0000,2.40917157e-027
2550.0000,50.0000,-20.0000,2.38128403e-026
2650.0000,50.0000,-20.0000,2.48805078e-025
2750.0000,50.0000,-20.0000,2.71589171e-024
2850.0000,50.0000,-20.0000,2.99246149e-023
2950.0000,50.0000,-20.0000,3.30461482e-022
3050.0000,50.0000,-20.0000,3.64644075e-021
3150.0000,50.0000,-20.0000,4.00853631e-020
3250.0000,50.0000,-20.0000,4.37862887e-019
3350.0000,50.0000,-20.0000,4.74939480e-018
3450.0000,50.0000,-20.0000,5.12770122e-017
3550.0000,50.0000,-20.0000,5.51593467e-016
3650.0000,50.0000,-20.0000,5.86587977e-015
3750.0000,50.0000,-20.0000,6.14433431e-014
3850.0000,50.0000,-20.0000,6.31718202e-013
3950.0000,50.0000,-20.0000,6.34605476e-012
4050.0000,50.0000,-20.0000,6.18871829e-011
4150.0000,50.0000,-20.0000,5.80640369e-010
4250.0000,50.0000,-20.0000,5.18494181e-009
4350.0000,50.0000,-20.0000,4.33349676e-008
4450.0000,50.0000,-20.0000,3.30266687e-007
4550.0000,50.0000,-20.0000,2.20195398e-006
4650.0000,50.0000,-20.0000,1.19959659e-005
4750.0000,50.0000,-20.0000,4.80919589e-005
4850.0000,50.0000,-20.0000,1.41913260e-004
4950.0000,50.0000,-20.0000,3.47341702e-004
5050.0000,50.0000,-20.0000,7.27413455e-004
5150.0000,50.0000,-20.0000,1.34770654e-003
5250.0000,50.0000,-20.0000,2.27295444e-003
5350.0000,50.0000,-20.0000,3.55882500e-003
5450.0000,50.0000,-20.0000,5.25497273e-003
5550.0000,50.0000,-20.0000,7.40780868e-003
5650.0000,50.0000,-20.0000,1.00621302e-002
5750.0000,50.0000,-20.0000,1.32627385e-002
5850.0000,50.0000,-20.0000,1.70579664e-002
5950.0000,50.0000,-20.0000,2.15000138e-002
6050.0000,50.0000,-20.0000,2.66516544e-002
6150.0000,50.0000,-20.0000,3.25978026e-002
6250.0000,50.0000,-20.0000,3.94857973e-002
6350.0000,50.0000,-20.0000,4.77081351e-002
6450.0000,50.0000,-20.0000,5.83172366e-002
6550.0000,50.0000,-20.0000,7.83181936e-002
6650.0000,50.0000,-20.0000,1.70542032e-001
6750.0000,50.0000,-20.0000,9.51154232e-001
6850.0000,50.0000,-20.0000,3.06925941e+000
6950.0000,50.0000,-20.0000,6.81397295e+000
7050.0000,50.0000,-20.0000,1.41251783e+001
7150.0000,50.0000,-20.0000,2.83338566e+001
7250.0000,50.0000,-20.0000,3.44023476e+001
7350.0000,50.0000,-20.0000,3.48031387e+001
7450.0000,50.0000,-20.0000,3.48340263e+001
7550.0000,50.0000,-20.0000,3.48539963e+001
50.0000,50.0000,-25.0000,0.00000000e+000
150.0000,50.0000,-25.0000,0.00000000e+000
250.0000,50.0000,-25.0000,0.00000000e+000
350.0000,50.0000,-25.0000,0.00000000e+000
450.0000,50.0000,-25.0000,0.00000000e+000
550.0000,50.0000,-25.0000,0.00000000e+000
650.0000,50.0000,-25.0000,6.61385746e-038
750.0000,50.0000,-25.0000,3.62546607e-037
850.0000,50.0000,-25.0000,1.42102677e-036
950.0000,50.0000,-25.0000,4.11691857e-036
1050.0000,50.0000,-25.0000,8.87890903e-036
1150.0000,50.0000,-25.0000,1.48283490e-035
1250.0000,50.0000,-25.0000,2.29376973e-035
1350.0000,50.0000,-25.0000,3.47518288e-035
1450.0000,50.0000,-25.0000,5.26446810e-035
1550.0000,50.0000,-25.0000,8.17536462e-035
1650.0000,50.0000,-25.0000,1.50895570e-034
1750.0000,50.0000,-25.0000,8.49307066e-034
1850.0000,50.0000,-25.0000,6.78217629e-033
1950.0000,50.0000,-25.0000,5.01396066e-032
2050.0000,50.0000,-25.0000,4.31913253e-031
2150.0000,50.0000,-25.0000,3.80911666e-030
2250.0000,50.0000,-25.0000,3.37348748e-029
2350.0000,50.0000,-25.0000,3.01699646e-028
2450.0000,50.0000,-25.0000,2.75218490e-027
2550.0000,50.0000,-25.0000,2.61088616e-026
2650.0000,50.0000,-25.0000,2.64211581e-025
2750.0000,50.0000,-25.0000,2.85936992e-024
2850.0000,50.0000,-25.0000,3.13940513e-023
2950.0000,50.0000,-25.0000,3.46527259e-022
3050.0000,50.0000,-25.0000,3.83261535e-021
3150.0000,50.0000,-25.0000,4.23186345e-020
3250.0000,50.0000,-25.0000,4.64634898e-019
3350.0000,50.0000,-25.0000,5.06299924e-018
3450.0000,50.0000,-25.0000,5.49768753e-017
3550.0000,50.0000,-25.0000,5.98097693e-016
3650.0000,50.0000,-25.0000,6.44747673e-015
3750.0000,50.0000,-25.0000,6.86046611e-014
3850.0000,50.0000,-25.0000,7.18203763e-013
3950.0000,50.0000,-25.0000,7.36656829e-012
4050.0000,50.0000,-25.0000,7.35697336e-011
4150.0000,50.0000,-25.0000,7.08766490e-010
4250.0000,50.0000,-25.0000,6.52116050e-009
4350.0000,50.0000,-25.0000,5.63766527e-008
4450.0000,50.0000,-25.0000,4.46187471e-007
4550.0000,50.0000,-25.0000,3.09807592e-006
4650.0000,50.0000,-25.0000,1.75330897e-005
4750.0000,50.0000,-25.0000,7.12111214e-005
4850.0000,50.0000,-25.0000,2.07474906e-004
4950.0000,50.0000,-25.0000,5.01148053e-004
5050.0000,50.0000,-25.0000,1.03127200e-003
5150.0000,50.0000,-25.0000,1.87460124e-003
5250.0000,50.0000,-25.0000,3.10336519e-003
5350.0000,50.0000,-25.0000,4.77310130e-003
5450.0000,50.0000,-25.0000,6.93197595e-003
5550.0000,50.0000,-25.0000,9.62512475e-003
5650.0000,50.0000,-25.0000,1.28965145e-002
5750.0000,50.0000,-25.0000,1.67908501e-002
5850.0000,50.0000,-25.0000,2.13587005e-002
5950.0000,50.0000,-25.0000,2.66548004e-002
6050.0000,50.0000,-25.0000,3.27478796e-002
6150.0000,50.0000,-25.0000,3.97340804e-002
6250.0000,50.0000,-25.0000,4.77884710e-002
6350.0000,50.0000,-25.0000,5.73228300e-002
6450.0000,50.0000,-25.0000,6.95120394e-002
6550.0000,50.0000,-25.0000,9.25677344e-002
6650.0000,50.0000,-25.0000,2.05722883e-001
6750.0000,50.0000,-25.0000,1.34676576e+000
6850.0000,50.0000,-25.0000,4.32287931e+000
6950.0000,50.0000,-25.0000,9.33500290e+000
7050.0000,50.0000,-25.0000,1.92474613e+001
7150.0000,50.0000,-25.0000,3.12298489e+001
7250.0000,50.0000,-25.0000,3.44000397e+001
7350.0000,50.0000,-25.0000,3.47051620e+001
7450.0000,50.0000,-25.0000,3.47202797e+001
7550.0000,50.0000,-25.0000,3.47154884e+001
7650.0000,50.0000,-25.0000,3.47561607e+001
7750.0000,50.0000,-25.0000,3.28613625e+001
50.0000,50.0000,-30.0000,0.00000000e+000
150.0000,50.0000,-30.0000,0.00000000e+000
250.0000,50.0000,-30.0000,0.00000000e+000
350.0000,50.0000,-30.0000,0.00000000e+000
450.0000,50.0000,-30.0000,0.00000000e+000
550.0000,50.0000,-30.0000,0.00000000e+000
650.0000,50.0000,-30.0000,6.95442175e-038
750.0000,50.0000,-30.0000,3.93875313e-037
850.0000,50.0000,-30.0000,1.62841303e-036
950.0000,50.0000,-30.0000,5.01311822e-036
1050.0000,50.0000,-30.0000,1.11669682e-035
1150.0000,50.0000,-30.0000,1.85861671e-035
1250.0000,50.0000,-30.0000,2.96371685e-035
1350.0000,50.0000,-30.0000,4.76174968e-035
1450.0000,50.0000,-30.0000,7.85273848e-035
1550.0000,50.0000,-30.0000,1.34777143e-034
1650.0000,50.0000,-30.0000,2.61930195e-034
1750.0000,50.0000,-30.0000,1.19822483e-033
1850.0000,50.0000,-30.0000,9.94023810e-033
1950.0000,50.0000,-30.0000,6.45759409e-032
2050.0000,50.0000,-30.0000,5.41456396e-031
2150.0000,50.0000,-30.0000,4.71999613e-030
2250.0000,50.0000,-30.0000,4.12130531e-029
2350.0000,50.0000,-30.0000,3.60991951e-028
2450.0000,50.0000,-30.0000,3.18693296e-027
2550.0000,50.0000,-30.0000,2.88556999e-026
2650.0000,50.0000,-30.0000,2.79085282e-025
2750.0000,50.0000,-30.0000,2.98892514e-024
2850.0000,50.0000,-30.0000,3.26691976e-023
2950.0000,50.0000,-30.0000,3.60265884e-022
3050.0000,50.0000,-30.0000,3.99499317e-021
3150.0000,50.0000,-30.0000,4.43596671e-020
3250.0000,50.0000,-30.0000,4.90330540e-019
3350.0000,50.0000,-30.0000,5.36976289e-018
3450.0000,50.0000,-30.0000,5.85583324e-017
3550.0000,50.0000,-30.0000,6.44875141e-016
3650.0000,50.0000,-30.0000,7.05385618e-015
3750.0000,50.0000,-30.0000,7.63117190e-014
3850.0000,50.0000,-30.0000,8.14023274e-013
3950.0000,50.0000,-30.0000,8.53016876e-012
4050.0000,50.0000,-30.0000,8.73025888e-011
4150.0000,50.0000,-30.0000,8.63911387e-010
4250.0000,50.0000,-30.0000,8.19167578e-009
4350.0000,50.0000,-30.0000,7.32798426e-008
4450.0000,50.0000,-30.0000,6.02786599e-007
4550.0000,50.0000,-30.0000,4.36741675e-006
4650.0000,50.0000,-30.0000,2.57792326e-005
4750.0000,50.0000,-30.0000,1.06172025e-004
4850.0000,50.0000,-30.0000,3.04754154e-004
4950.0000,50.0000,-30.0000,7.26447499e-004
5050.0000,50.0000,-30.0000,1.46800140e-003
5150.0000,50.0000,-30.0000,2.61708419e-003
5250.0000,50.0000,-30.0000,4.25270339e-003
5350.0000,50.0000,-30.0000,6.42572436e-003
5450.0000,50.0000,-30.0000,9.18064825e-003
5550.0000,50.0000,-30.0000,1.25603061e-002
5650.0000,50.0000,-30.0000,1.66072808e-002
5750.0000,50.0000,-30.0000,2.13660058e-002
5850.0000,50.0000,-30.0000,2.68905256e-002
5950.0000,50.0000,-30.0000,3.32384445e-002
6050.0000,50.0000,-30.0000,4.04867306e-002
6150.0000,50.0000,-30.0000,4.87465635e-002
6250.0000,50.0000,-30.0000,5.82328327e-002
6350.0000,50.0000,-30.0000,6.93283081e-002
6450.0000,50.0000,-30.0000,8.34206045e-002
6550.0000,50.0000,-30.0000,1.10041447e-001
6650.0000,50.0000,-30.0000,2.48054504e-001
6750.0000,50.0000,-30.0000,1.94349062e+000
6850.0000,50.0000,-30.0000,6.20564842e+000
6950.0000,50.0000,-30.0000,1.32022133e+001
7050.0000,50.0000,-30.0000,2.50583324e+001
7150.0000,50.0000,-30.0000,3.22806816e+001
7250.0000,50.0000,-30.0000,3.43461075e+001
7350.0000,50.0000,-30.0000,3.45731583e+001
7450.0000,50.0000,-30.0000,3.45589676e+001
7550.0000,50.0000,-30.0000,3.45183067e+001
7650.0000,50.0000,-30.0000,3.44392776e+001
7750.0000,50.0000,-30.0000,3.28644981e+001
7850.0000,50.0000,-30.0000,3.36164207e+001
50.0000,50.0000,-35.0000,0.00000000e+000
150.0000,50.0000,-35.0000,0.00000000e+000
250.0000,50.0000,-35.0000,0.00000000e+000
350.0000,50.0000,-35.0000,0.00000000e+000
450.0000,50.0000,-35.0000,0.00000000e+000
550.0000,50.0000,-35.0000,0.00000000e+000
650.0000,50.0000,-35.0000,6.72192448e-038
750.0000,50.0000,-35.0000,3.90185167e-037
850.0000,50.0000,-35.0000,1.69173396e-036
950.0000,50.0000,-35.0000,5.59952337e-036
1050.0000,50.0000,-35.0000,1.29699630e-035
1150.0000,50.0000,-35.0000,2.11881938e-035
1250.0000,50.0000,-35.0000,3.46760617e-035
1350.0000,50.0000,-35.0000,5.88322640e-035
1450.0000,50.0000,-35.0000,1.05649231e-034
1550.0000,50.0000,-35.0000,2.03126434e-034
1650.0000,50.0000,-35.0000,4.34414774e-034
1750.0000,50.0000,-35.0000,1.69862166e-033
1850.0000,50.0000,-35.0000,1.52858773e-032
1950.0000,50.0000,-35.0000,8.28103503e-032
2050.0000,50.0000,-35.0000,6.75256335e-031
2150.0000,50.0000,-35.0000,5.84613063e-030
2250.0000,50.0000,-35.0000,5.05916699e-029
2350.0000,50.0000,-35.0000,4.36894656e-028
2450.0000,50.0000,-35.0000,3.75568550e-027
2550.0000,50.0000,-35.0000,3.23921048e-026
2650.0000,50.0000,-35.0000,2.93769681e-025
2750.0000,50.0000,-35.0000,3.10624749e-024
2850.0000,50.0000,-35.0000,3.37425313e-023
2950.0000,50.0000,-35.0000,3.71277802e-022
3050.0000,50.0000,-35.0000,4.12619621e-021
3150.0000,50.0000,-35.0000,4.61184082e-020
3250.0000,50.0000,-35.0000,5.14289258e-019
3350.0000,50.0000,-35.0000,5.66443109e-018
3450.0000,50.0000,-35.0000,6.18296928e-017
3550.0000,50.0000,-35.0000,6.89663120e-016
3650.0000,50.0000,-35.0000,7.65951650e-015
3750.0000,50.0000,-35.0000,8.42907558e-014
3850.0000,50.0000,-35.0000,9.16410394e-013
3950.0000,50.0000,-35.0000,9.81233844e-012
4050.0000,50.0000,-35.0000,1.02959974e-010
4150.0000,50.0000,-35.0000,1.04653342e-009
4250.0000,50.0000,-35.0000,1.02264144e-008
4350.0000,50.0000,-35.0000,9.46816527e-008
4450.0000,50.0000,-35.0000,8.10162476e-007
4550.0000,50.0000,-35.0000,6.13861221e-006
4650.0000,50.0000,-35.0000,3.79842240e-005
4750.0000,50.0000,-35.0000,1.58809795e-004
4850.0000,50.0000,-35.0000,4.47864557e-004
4950.0000,50.0000,-35.0000,1.05359720e-003
5050.0000,50.0000,-35.0000,2.08889460e-003
5150.0000,50.0000,-35.0000,3.65021825e-003
5250.0000,50.0000,-35.0000,5.82171604e-003
5350.0000,50.0000,-35.0000,8.64177477e-003
5450.0000,50.0000,-35.0000,1.21492380e-002
5550.0000,50.0000,-35.0000,1.63839366e-002
5650.0000,50.0000,-35.0000,2.13867351e-002
5750.0000,50.0000,-35.0000,2.72018146e-002
5850.0000,50.0000,-35.0000,3.38889770e-002
5950.0000,50.0000,-35.0000,4.15086448e-002
6050.0000,50.0000,-35.0000,5.01495190e-002
6150.0000,50.0000,-35.0000,5.99427111e-002
6250.0000,50.0000,-35.0000,7.11233765e-002
6350.0000,50.0000,-35.0000,8.41161385e-002
6450.0000,50.0000,-35.0000,1.00534536e-001
6550.0000,50.0000,-35.0000,1.31350145e-001
6650.0000,50.0000,-35.0000,2.97972381e-001
6750.0000,50.0000,-35.0000,2.87871766e+000
6850.0000,50.0000,-35.0000,9.32538033e+000
6950.0000,50.0000,-35.0000,2.06012459e+001
7050.0000,50.0000,-35.0000,2.90228252e+001
7150.0000,50.0000,-35.0000,3.28231812e+001
7250.0000,50.0000,-35.0000,3.42554779e+001
7350.0000,50.0000,-35.0000,3.44093895e+001
7450.0000,50.0000,-35.0000,3.43490257e+001
7550.0000,50.0000,-35.0000,3.42387810e+001
7650.0000,50.0000,-35.0000,3.40041924e+001
7750.0000,50.0000,-35.0000,3.27428322e+001
7850.0000,50.0000,-35.0000,3.34059753e+001
7950.0000,50.0000,-35.0000,3.39496765e+001
50.0000,50.0000,-40.0000,0.00000000e+000
150.0000,50.0000,-40.0000,0.00000000e+000
250.0000,50.0000,-40.0000,0.00000000e+000
350.0000,50.0000,-40.0000,0.00000000e+000
450.0000,50.0000,-40.0000,0.00000000e+000
550.0000,50.0000,-40.0000,0.00000000e+000
650.0000,50.0000,-40.0000,5.93137746e-038
750.0000,50.0000,-40.0000,3.48167760e-037
850.0000,50.0000,-40.0000,1.55789807e-036
950.0000,50.0000,-40.0000,5.52477287e-036
1050.0000,50.0000,-40.0000,1.36131257e-035
1150.0000,50.0000,-40.0000,2.15558056e-035
1250.0000,50.0000,-40.0000,3.59010152e-035
1350.0000,50.0000,-40.0000,6.35404058e-035
1450.0000,50.0000,-40.0000,1.23344037e-034
1550.0000,50.0000,-40.0000,2.68316343e-034
1650.0000,50.0000,-40.0000,6.64072253e-034
1750.0000,50.0000,-40.0000,2.42659025e-033
1850.0000,50.0000,-40.0000,2.45890702e-032
1950.0000,50.0000,-40.0000,1.05250532e-031
2050.0000,50.0000,-40.0000,8.36168722e-031
2150.0000,50.0000,-40.0000,7.22685050e-030
2250.0000,50.0000,-40.0000,6.22907494e-029
2350.0000,50.0000,-40.0000,5.34126577e-028
2450.0000,50.0000,-40.0000,4.51292148e-027
2550.0000,50.0000,-40.0000,3.72516821e-026
2650.0000,50.0000,-40.0000,3.08630834e-025
2750.0000,50.0000,-40.0000,3.21453522e-024
2850.0000,50.0000,-40.0000,3.46193344e-023
2950.0000,50.0000,-40.0000,3.79207507e-022
3050.0000,50.0000,-40.0000,4.21761946e-021
3150.0000,50.0000,-40.0000,4.74740958e-020
3250.0000,50.0000,-40.0000,5.35704499e-019
3350.0000,50.0000,-40.0000,5.94651746e-018
3450.0000,50.0000,-40.0000,6.45621747e-017
3550.0000,50.0000,-40.0000,7.29734925e-016
3650.0000,50.0000,-40.0000,8.23275537e-015
3750.0000,50.0000,-40.0000,9.21879015e-014
3850.0000,50.0000,-40.0000,1.02154710e-012
3950.0000,50.0000,-40.0000,1.11742031e-011
4050.0000,50.0000,-40.0000,1.20271321e-010
4150.0000,50.0000,-40.0000,1.25563759e-009
4250.0000,50.0000,-40.0000,1.26434507e-008
4350.0000,50.0000,-40.0000,1.21182040e-007
4450.0000,50.0000,-40.0000,1.07962637e-006
4550.0000,50.0000,-40.0000,8.57513714e-006
4650.0000,50.0000,-40.0000,5.59845466e-005
4750.0000,50.0000,-40.0000,2.37933520e-004
4850.0000,50.0000,-40.0000,6.57023920e-004
4950.0000,50.0000,-40.0000,1.52575900e-003
5050.0000,50.0000,-40.0000,2.96416529e-003
5150.0000,50.0000,-40.0000,5.07333223e-003
5250.0000,50.0000,-40.0000,7.94028398e-003
5350.0000,50.0000,-40.0000,1.15780514e-002
5450.0000,50.0000,-40.0000,1.60196088e-002
5550.0000,50.0000,-40.0000,2.13018060e-002
5650.0000,50.0000,-40.0000,2.74637807e-002
5750.0000,50.0000,-40.0000,3.45497541e-002
5850.0000,50.0000,-40.0000,4.26292792e-002
5950.0000,50.0000,-40.0000,5.17645180e-002
6050.0000,50.0000,-40.0000,6.20615743e-002
6150.0000,50.0000,-40.0000,7.36786723e-002
6250.0000,50.0000,-40.0000,8.68618190e-002
6350.0000,50.0000,-40.0000,1.02171741e-001
6450.0000,50.0000,-40.0000,1.21527508e-001
6550.0000,50.0000,-40.0000,1.57572567e-001
6650.0000,50.0000,-40.0000,3.58766139e-001
6750.0000,50.0000,-40.0000,4.56457043e+000
6850.0000,50.0000,-40.0000,1.64343681e+001
6950.0000,50.0000,-40.0000,2.57111092e+001
7050.0000,50.0000,-40.0000,3.03996181e+001
7150.0000,50.0000,-40.0000,3.30793228e+001
7250.0000,50.0000,-40.0000,3.41389923e+001
7350.0000,50.0000,-40.0000,3.42245712e+001
7450.0000,50.0000,-40.0000,3.41008835e+001
7550.0000,50.0000,-40.0000,3.38869553e+001
7650.0000,50.0000,-40.0000,3.34546928e+001
7750.0000,50.0000,-40.0000,3.25157890e+001
7850.0000,50.0000,-40.0000,3.31494484e+001
7950.0000,50.0000,-40.0000,3.35339813e+001
8050.0000,50.0000,-40.0000,3.37088966e+001
50.0000,50.0000,-45.0000,0.00000000e+000
150.0000,50.0000,-45.0000,0.00000000e+000
250.0000,50.0000,-45.0000,0.00000000e+000
350.0000,50.0000,-45.0000,0.00000000e+000
450.0000,50.0000,-45.0000,0.00000000e+000
550.0000,50.0000,-45.0000,0.00000000e+000
650.0000,50.0000,-45.0000,4.55349189e-038
750.0000,50.0000,-45.0000,2.65692781e-037
850.0000,50.0000,-45.0000,1.22474741e-036
950.0000,50.0000,-45.0000,4.61104197e-036
1050.0000,50.0000,-45.0000,1.24678381e-035
1150.0000,50.0000,-45.0000,1.93486456e-035
1250.0000,50.0000,-45.0000,3.18112505e-035
1350.0000,50.0000,-45.0000,5.69025132e-035
1450.0000,50.0000,-45.0000,1.16387004e-034
1550.0000,50.0000,-45.0000,2.86833410e-034
1650.0000,50.0000,-45.0000,8.79416068e-034
1750.0000,50.0000,-45.0000,3.62288057e-033
1850.0000,50.0000,-45.0000,4.04139895e-032
1950.0000,50.0000,-45.0000,1.31336221e-031
2050.0000,50.0000,-45.0000,1.02569104e-030
2150.0000,50.0000,-45.0000,8.90108096e-030
2250.0000,50.0000,-45.0000,7.67475620e-029
2350.0000,50.0000,-45.0000,6.57857995e-028
2450.0000,50.0000,-45.0000,5.52522954e-027
2550.0000,50.0000,-45.0000,4.42753422e-026
2650.0000,50.0000,-45.0000,3.23923717e-025
2750.0000,50.0000,-45.0000,3.31908572e-024
2850.0000,50.0000,-45.0000,3.53258824e-023
2950.0000,50.0000,-45.0000,3.83839294e-022
3050.0000,50.0000,-45.0000,4.25995754e-021
3150.0000,50.0000,-45.0000,4.82630064e-020
3250.0000,50.0000,-45.0000,5.53429945e-019
3350.0000,50.0000,-45.0000,6.22567066e-018
3450.0000,50.0000,-45.0000,6.64893137e-017
3550.0000,50.0000,-45.0000,7.61937476e-016
3650.0000,50.0000,-45.0000,8.73580484e-015
3750.0000,50.0000,-45.0000,9.95680928e-014
3850.0000,50.0000,-45.0000,1.12450641e-012
3950.0000,50.0000,-45.0000,1.25590476e-011
4050.0000,50.0000,-45.0000,1.38779876e-010
4150.0000,50.0000,-45.0000,1.48815249e-009
4250.0000,50.0000,-45.0000,1.54403015e-008
4350.0000,50.0000,-45.0000,1.53241416e-007
4450.0000,50.0000,-45.0000,1.42286592e-006
4550.0000,50.0000,-45.0000,1.18747921e-005
4650.0000,50.0000,-45.0000,8.24719318e-005
4750.0000,50.0000,-45.0000,3.56848905e-004
4850.0000,50.0000,-45.0000,9.60877398e-004
4950.0000,50.0000,-45.0000,2.20400374e-003
5050.0000,50.0000,-45.0000,4.18875040e-003
5150.0000,50.0000,-45.0000,7.01592304e-003
5250.0000,50.0000,-45.0000,1.07733514e-002
5350.0000,50.0000,-45.0000,1.54276202e-002
5450.0000,50.0000,-45.0000,2.10109185e-002
5550.0000,50.0000,-45.0000,2.75579393e-002
5650.0000,50.0000,-45.0000,3.51064354e-002
5750.0000,50.0000,-45.0000,4.37012240e-002
5850.0000,50.0000,-45.0000,5.34285158e-002
5950.0000,50.0000,-45.0000,6.43485636e-002
6050.0000,50.0000,-45.0000,7.65946656e-002
6150.0000,50.0000,-45.0000,9.03440267e-002
6250.0000,50.0000,-45.0000,1.05909035e-001
6350.0000,50.0000,-45.0000,1.24083228e-001
6450.0000,50.0000,-45.0000,1.47291839e-001
6550.0000,50.0000,-45.0000,1.90624028e-001
6650.0000,50.0000,-45.0000,4.56694365e-001
6750.0000,50.0000,-45.0000,9.29758453e+000
6850.0000,50.0000,-45.0000,1.99106350e+001
6950.0000,50.0000,-45.0000,2.68405228e+001
7050.0000,50.0000,-45.0000,3.08646927e+001
7150.0000,50.0000,-45.0000,3.31388931e+001
7250.0000,50.0000,-45.0000,3.40132370e+001
7350.0000,50.0000,-45.0000,3.40389137e+001
7450.0000,50.0000,-45.0000,3.38387756e+001
7550.0000,50.0000,-45.0000,3.34798889e+001
7650.0000,50.0000,-45.0000,3.27059937e+001
7750.0000,50.0000,-45.0000,3.21697960e+001
7850.0000,50.0000,-45.0000,3.28547668e+001
7950.0000,50.0000,-45.0000,3.31977425e+001
8050.0000,50.0000,-45.0000,3.33210716e+001
8150.0000,50.0000,-45.0000,3.36324081e+001
50.0000,50.0000,-50.0000,0.00000000e+000
150.0000,50.0000,-50.0000,0.00000000e+000
250.0000,50.0000,-50.0000,0.00000000e+000
350.0000,50.0000,-50.0000,0.00000000e+000
450.0000,50.0000,-50.0000,0.00000000e+000
550.0000,50.0000,-50.0000,0.00000000e+000
650.0000,50.0000,-50.0000,3.08203406e-038
750.0000,50.0000,-50.0000,1.75210333e-037
850.0000,50.0000,-50.0000,8.00320520e-037
950.0000,50.0000,-50.0000,3.01928458e-036
1050.0000,50.0000,-50.0000,9.14969676e-036
1150.0000,50.0000,-50.0000,1.05188406e-035
1250.0000,50.0000,-50.0000,1.29975969e-035
1350.0000,50.0000,-50.0000,1.76932376e-035
1450.0000,50.0000,-50.0000,3.07602793e-035
1550.0000,50.0000,-50.0000,1.09473789e-034
1650.0000,50.0000,-50.0000,8.79095287e-034
1750.0000,50.0000,-50.0000,9.18630688e-033
1850.0000,50.0000,-50.0000,8.93184101e-032
1950.0000,50.0000,-50.0000,1.84564250e-031
2050.0000,50.0000,-50.0000,1.45562293e-030
2150.0000,50.0000,-50.0000,1.28742203e-029
2250.0000,50.0000,-50.0000,1.11793613e-028
2350.0000,50.0000,-50.0000,9.67186129e-028
2450.0000,50.0000,-50.0000,8.19856205e-027
2550.0000,50.0000,-50.0000,6.52845878e-026
2650.0000,50.0000,-50.0000,3.54996208e-025
2750.0000,50.0000,-50.0000,3.53653917e-024
2850.0000,50.0000,-50.0000,3.65121714e-023
2950.0000,50.0000,-50.0000,3.86642363e-022
3050.0000,50.0000,-50.0000,4.22890636e-021
3150.0000,50.0000,-50.0000,4.82583115e-020
3250.0000,50.0000,-50.0000,5.77427075e-019
3350.0000,50.0000,-50.0000,6.83439618e-018
3450.0000,50.0000,-50.0000,6.81093105e-017
3550.0000,50.0000,-50.0000,8.03419644e-016
3650.0000,50.0000,-50.0000,9.51178020e-015
3750.0000,50.0000,-50.0000,1.12221403e-013
3850.0000,50.0000,-50.0000,1.31340175e-012
3950.0000,50.0000,-50.0000,1.52073146e-011
4050.0000,50.0000,-50.0000,1.76669637e-010
4150.0000,50.0000,-50.0000,1.98624495e-009
4250.0000,50.0000,-50.0000,2.16987619e-008
4350.0000,50.0000,-50.0000,2.28487920e-007
4450.0000,50.0000,-50.0000,2.27400437e-006
4550.0000,50.0000,-50.0000,2.05995057e-005
4650.0000,50.0000,-50.0000,1.59891206e-004
4750.0000,50.0000,-50.0000,7.12575566e-004
4850.0000,50.0000,-50.0000,1.83409441e-003
4950.0000,50.0000,-50.0000,4.13543265e-003
5050.0000,50.0000,-50.0000,7.57241109e-003
5150.0000,50.0000,-50.0000,1.22445105e-002
5250.0000,50.0000,-50.0000,1.82397868e-002
5350.0000,50.0000,-50.0000,2.53627282e-002
5450.0000,50.0000,-50.0000,3.36789377e-002
5550.0000,50.0000,-50.0000,4.32196520e-002
5650.0000,50.0000,-50.0000,5.40207848e-002
5750.0000,50.0000,-50.0000,6.61296993e-002
5850.0000,50.0000,-50.0000,7.96888694e-002
5950.0000,50.0000,-50.0000,9.47360024e-002
6050.0000,50.0000,-50.0000,1.11493893e-001
6150.0000,50.0000,-50.0000,1.30227551e-001
6250.0000,50.0000,-50.0000,1.51483268e-001
6350.0000,50.0000,-50.0000,1.76777229e-001
6450.0000,50.0000,-50.0000,2.10216850e-001
6550.0000,50.0000,-50.0000,2.73150563e-001
6650.0000,50.0000,-50.0000,6.23514712e-001
6750.0000,50.0000,-50.0000,9.13254738e+000
6850.0000,50.0000,-50.0000,1.97284126e+001
6950.0000,50.0000,-50.0000,2.66622829e+001
7050.0000,50.0000,-50.0000,3.06884403e+001
7150.0000,50.0000,-50.0000,3.29489594e+001
7250.0000,50.0000,-50.0000,3.37807770e+001
7350.0000,50.0000,-50.0000,3.37278252e+001
7450.0000,50.0000,-50.0000,3.33954544e+001
7550.0000,50.0000,-50.0000,3.27473488e+001
7650.0000,50.0000,-50.0000,3.09364643e+001
7750.0000,50.0000,-50.0000,3.09546261e+001
7850.0000,50.0000,-50.0000,3.21788902e+001
7950.0000,50.0000,-50.0000,3.25343323e+001
8050.0000,50.0000,-50.0000,3.26328888e+001
8150.0000,50.0000,-50.0000,3.24543610e+001
8250.0000,50.0000,-50.0000,3.08555698e+001
8350.0000,50.0000,-50.0000,3.18520775e+001
50.0000,50.0000,-55.0000,0.00000000e+000
150.0000,50.0000,-55.0000,0.00000000e+000
250.0000,50.0000,-55.0000,0.00000000e+000
350.0000,50.0000,-55.0000,0.00000000e+000
450.0000,50.0000,-55.0000,0.00000000e+000
550.0000,50.0000,-55.0000,0.00000000e+000
650.0000,50.0000,-55.0000,2.40173729e-038
750.0000,50.0000,-55.0000,1.34074275e-037
850.0000,50.0000,-55.0000,6.08378504e-037
950.0000,50.0000,-55.0000,2.29896013e-036
1050.0000,50.0000,-55.0000,7.22801532e-036
1150.0000,50.0000,-55.0000,8.09462385e-036
1250.0000,50.0000,-55.0000,9.84569717e-036
1350.0000,50.0000,-55.0000,1.31914817e-035
1450.0000,50.0000,-55.0000,2.39466954e-035
1550.0000,50.0000,-55.0000,1.00317182e-034
1650.0000,50.0000,-55.0000,8.77660449e-034
1750.0000,50.0000,-55.0000,9.22001492e-033
1850.0000,50.0000,-55.0000,9.19654588e-032
1950.0000,50.0000,-55.0000,1.18323973e-030
2050.0000,50.0000,-55.0000,1.28729699e-029
2150.0000,50.0000,-55.0000,1.52205124e-028
2250.0000,50.0000,-55.0000,1.68241190e-027
2350.0000,50.0000,-55.0000,1.84014825e-026
2450.0000,50.0000,-55.0000,1.97366133e-025
2550.0000,50.0000,-55.0000,1.96090370e-024
2650.0000,50.0000,-55.0000,6.52702251e-024
2750.0000,50.0000,-55.0000,6.44671331e-023
2850.0000,50.0000,-55.0000,5.83388968e-022
2950.0000,50.0000,-55.0000,4.43025496e-021
3050.0000,50.0000,-55.0000,1.60751518e-020
3150.0000,50.0000,-55.0000,4.34920503e-019
3250.0000,50.0000,-55.0000,1.12232618e-017
3350.0000,50.0000,-55.0000,1.60960030e-016
3450.0000,50.0000,-55.0000,5.43292967e-016
3550.0000,50.0000,-55.0000,9.42724970e-015
3650.0000,50.0000,-55.0000,1.39010900e-013
3750.0000,50.0000,-55.0000,1.89750386e-012
3850.0000,50.0000,-55.0000,2.45443475e-011
3950.0000,50.0000,-55.0000,3.05030556e-010
4050.0000,50.0000,-55.0000,3.91426402e-009
4150.0000,50.0000,-55.0000,4.68187125e-008
4250.0000,50.0000,-55.0000,5.40615360e-007
4350.0000,50.0000,-55.0000,6.02035470e-006
4450.0000,50.0000,-55.0000,6.34833050e-005
4550.0000,50.0000,-55.0000,6.10011222e-004
4650.0000,50.0000,-55.0000,5.09598106e-003
4750.0000,50.0000,-55.0000,2.22679432e-002
4850.0000,50.0000,-55.0000,6.50065020e-002
4950.0000,50.0000,-55.0000,1.38605550e-001
5050.0000,50.0000,-55.0000,2.34614491e-001
5150.0000,50.0000,-55.0000,3.51216346e-001
5250.0000,50.0000,-55.0000,4.86859858e-001
5350.0000,50.0000,-55.0000,6.29895151e-001
5450.0000,50.0000,-55.0000,7.81907022e-001
5550.0000,50.0000,-55.0000,9.42035198e-001
5650.0000,50.0000,-55.0000,1.10947800e+000
5750.0000,50.0000,-55.0000,1.28356206e+000
5850.0000,50.0000,-55.0000,1.46645689e+000
5950.0000,50.0000,-55.0000,1.65502608e+000
6050.0000,50.0000,-55.0000,1.85086119e+000
6150.0000,50.0000,-55.0000,2.05228543e+000
6250.0000,50.0000,-55.0000,2.25826144e+000
6350.0000,50.0000,-55.0000,2.47500658e+000
6450.0000,50.0000,-55.0000,2.70500302e+000
6550.0000,50.0000,-55.0000,2.96141171e+000
6650.0000,50.0000,-55.0000,3.39593983e+000
6750.0000,50.0000,-55.0000,8.59777069e+000
6850.0000,50.0000,-55.0000,1.50381575e+001
6950.0000,50.0000,-55.0000,1.93246593e+001
7050.0000,50.0000,-55.0000,2.19001732e+001
7150.0000,50.0000,-55.0000,2.34292736e+001
7250.0000,50.0000,-55.0000,2.41217442e+001
7350.0000,50.0000,-55.0000,2.43094101e+001
7450.0000,50.0000,-55.0000,2.43446274e+001
7550.0000,50.0000,-55.0000,2.41902103e+001
7650.0000,50.0000,-55.0000,2.25514908e+001
7750.0000,50.0000,-55.0000,2.33634853e+001
7850.0000,50.0000,-55.0000,2.46209564e+001
7950.0000,50.0000,-55.0000,2.50462322e+001
8050.0000,50.0000,-55.0000,2.52610035e+001
8150.0000,50.0000,-55.0000,2.57524376e+001
8250.0000,50.0000,-55.0000,2.91186256e+001
8350.0000,50.0000,-55.0000,3.02197857e+001
8450.0000,50.0000,-55.0000,2.88187962e+001
50.0000,50.0000,-60.0000,0.00000000e+000
150.0000,50.0000,-60.0000,0.00000000e+000
250.0000,50.0000,-60.0000,0.00000000e+000
350.0000,50.0000,-60.0000,0.00000000e+000
450.0000,50.0000,-60.0000,0.00000000e+000
550.0000,50.0000,-60.0000,0.00000000e+000
650.0000,50.0000,-60.0000,1.91273499e-038
750.0000,50.0000,-60.0000,1.04835577e-037
850.0000,50.0000,-60.0000,4.72561114e-037
950.0000,50.0000,-60.0000,1.79509589e-036
1050.0000,50.0000,-60.0000,5.86446950e-036
1150.0000,50.0000,-60.0000,7.06137121e-036
1250.0000,50.0000,-60.0000,8.68154666e-036
1350.0000,50.0000,-60.0000,1.16076401e-035
1450.0000,50.0000,-60.0000,2.16060181e-035
1550.0000,50.0000,-60.0000,9.73282116e-035
1650.0000,50.0000,-60.0000,8.82260397e-034
1750.0000,50.0000,-60.0000,9.46845198e-033
1850.0000,50.0000,-60.0000,1.03538248e-031
1950.0000,50.0000,-60.0000,1.18615909e-030
2050.0000,50.0000,-60.0000,1.29100621e-029
2150.0000,50.0000,-60.0000,1.52728267e-028
2250.0000,50.0000,-60.0000,1.68816580e-027
2350.0000,50.0000,-60.0000,1.84622695e-026
2450.0000,50.0000,-60.0000,1.97996778e-025
2550.0000,50.0000,-60.0000,1.97280090e-024
2650.0000,50.0000,-60.0000,2.73005259e-023
2750.0000,50.0000,-60.0000,3.02932079e-022
2850.0000,50.0000,-60.0000,3.32970570e-021
2950.0000,50.0000,-60.0000,3.64060735e-020
3050.0000,50.0000,-60.0000,3.94424066e-019
3150.0000,50.0000,-60.0000,4.56250368e-018
3250.0000,50.0000,-60.0000,4.89487039e-017
3350.0000,50.0000,-60.0000,4.84655524e-016
3450.0000,50.0000,-60.0000,2.22630074e-015
3550.0000,50.0000,-60.0000,3.13156517e-014
3650.0000,50.0000,-60.0000,3.95065735e-013
3750.0000,50.0000,-60.0000,4.78891536e-012
3850.0000,50.0000,-60.0000,5.65158406e-011
3950.0000,50.0000,-60.0000,6.54004795e-010
4050.0000,50.0000,-60.0000,7.93440869e-009
4150.0000,50.0000,-60.0000,9.07599258e-008
4250.0000,50.0000,-60.0000,1.01178614e-006
4350.0000,50.0000,-60.0000,1.09587118e-005
4450.0000,50.0000,-60.0000,1.13017115e-004
4550.0000,50.0000,-60.0000,1.06606202e-003
4650.0000,50.0000,-60.0000,8.75025894e-003
4750.0000,50.0000,-60.0000,3.73706631e-002
4850.0000,50.0000,-60.0000,1.13639906e-001
4950.0000,50.0000,-60.0000,2.38452107e-001
5050.0000,50.0000,-60.0000,3.99042845e-001
5150.0000,50.0000,-60.0000,5.92256486e-001
5250.0000,50.0000,-60.0000,8.15780997e-001
5350.0000,50.0000,-60.0000,1.04977834e+000
5450.0000,50.0000,-60.0000,1.29749227e+000
5550.0000,50.0000,-60.0000,1.55742562e+000
5650.0000,50.0000,-60.0000,1.82840133e+000
5750.0000,50.0000,-60.0000,2.10940027e+000
5850.0000,50.0000,-60.0000,2.40409279e+000
5950.0000,50.0000,-60.0000,2.70728397e+000
6050.0000,50.0000,-60.0000,3.02155304e+000
6150.0000,50.0000,-60.0000,3.34395194e+000
6250.0000,50.0000,-60.0000,3.67241168e+000
6350.0000,50.0000,-60.0000,4.01633692e+000
6450.0000,50.0000,-60.0000,4.37714481e+000
6550.0000,50.0000,-60.0000,4.76255703e+000
6650.0000,50.0000,-60.0000,5.25289154e+000
6750.0000,50.0000,-60.0000,8.26077080e+000
6850.0000,50.0000,-60.0000,1.19338770e+001
6950.0000,50.0000,-60.0000,1.44707394e+001
7050.0000,50.0000,-60.0000,1.61060963e+001
7150.0000,50.0000,-60.0000,1.71886883e+001
7250.0000,50.0000,-60.0000,1.78378391e+001
7350.0000,50.0000,-60.0000,1.82381020e+001
7450.0000,50.0000,-60.0000,1.85753040e+001
7550.0000,50.0000,-60.0000,1.88279991e+001
7650.0000,50.0000,-60.0000,1.79391384e+001
7750.0000,50.0000,-60.0000,1.89452591e+001
7850.0000,50.0000,-60.0000,2.01044178e+001
7950.0000,50.0000,-60.0000,2.06727772e+001
8050.0000,50.0000,-60.0000,2.11114693e+001
8150.0000,50.0000,-60.0000,2.19532661e+001
8250.0000,50.0000,-60.0000,2.63426723e+001
8350.0000,50.0000,-60.0000,2.75303211e+001
8450.0000,50.0000,-60.0000,2.71959667e+001
8550.0000,50.0000,-60.0000,2.57617474e+001
50.0000,50.0000,-65.0000,0.00000000e+000
150.0000,50.0000,-65.0000,0.00000000e+000
250.0000,50.0000,-65.0000,0.00000000e+000
350.0000,50.0000,-65.0000,0.00000000e+000
450.0000,50.0000,-65.0000,0.00000000e+000
550.0000,50.0000,-65.0000,0.00000000e+000
650.0000,50.0000,-65.0000,1.59533262e-038
750.0000,50.0000,-65.0000,8.60288460e-038
850.0000,50.0000,-65.0000,3.85478733e-037
950.0000,50.0000,-65.0000,1.47077318e-036
1050.0000,50.0000,-65.0000,4.84188340e-036
1150.0000,50.0000,-65.0000,6.30043592e-036
1250.0000,50.0000,-65.0000,7.90307079e-036
1350.0000,50.0000,-65.0000,1.05953044e-035
1450.0000,50.0000,-65.0000,2.01422220e-035
1550.0000,50.0000,-65.0000,9.55651595e-035
1650.0000,50.0000,-65.0000,8.88072115e-034
1750.0000,50.0000,-65.0000,9.68538873e-033
1850.0000,50.0000,-65.0000,1.09157781e-031
1950.0000,50.0000,-65.0000,1.19474632e-030
2050.0000,50.0000,-65.0000,1.30868730e-029
2150.0000,50.0000,-65.0000,1.53410564e-028
2250.0000,50.0000,-65.0000,1.69421438e-027
2350.0000,50.0000,-65.0000,1.86208229e-026
2450.0000,50.0000,-65.0000,2.03719865e-025
2550.0000,50.0000,-65.0000,2.20427103e-024
2650.0000,50.0000,-65.0000,2.73381829e-023
2750.0000,50.0000,-65.0000,3.03291800e-022
2850.0000,50.0000,-65.0000,3.33299321e-021
2950.0000,50.0000,-65.0000,3.64330150e-020
3050.0000,50.0000,-65.0000,3.94602841e-019
3150.0000,50.0000,-65.0000,4.56524165e-018
3250.0000,50.0000,-65.0000,4.90003630e-017
3350.0000,50.0000,-65.0000,4.86062181e-016
3450.0000,50.0000,-65.0000,6.24965007e-015
3550.0000,50.0000,-65.0000,7.34073379e-014
3650.0000,50.0000,-65.0000,8.12803438e-013
3750.0000,50.0000,-65.0000,8.92224315e-012
3850.0000,50.0000,-65.0000,9.74662642e-011
3950.0000,50.0000,-65.0000,1.06105325e-009
4050.0000,50.0000,-65.0000,1.22535502e-008
4150.0000,50.0000,-65.0000,1.34664376e-007
4250.0000,50.0000,-65.0000,1.45342028e-006
4350.0000,50.0000,-65.0000,1.53340225e-005
4450.0000,50.0000,-65.0000,1.54762121e-004
4550.0000,50.0000,-65.0000,1.43305352e-003
4650.0000,50.0000,-65.0000,1.15511175e-002
4750.0000,50.0000,-65.0000,4.81569208e-002
4850.0000,50.0000,-65.0000,1.53904900e-001
4950.0000,50.0000,-65.0000,3.17070574e-001
5050.0000,50.0000,-65.0000,5.23996592e-001
5150.0000,50.0000,-65.0000,7.70541787e-001
5250.0000,50.0000,-65.0000,1.05429530e+000
5350.0000,50.0000,-65.0000,1.34929836e+000
5450.0000,50.0000,-65.0000,1.66064858e+000
5550.0000,50.0000,-65.0000,1.98637307e+000
5650.0000,50.0000,-65.0000,2.32525659e+000
5750.0000,50.0000,-65.0000,2.67620397e+000
5850.0000,50.0000,-65.0000,3.04405832e+000
5950.0000,50.0000,-65.0000,3.42231774e+000
6050.0000,50.0000,-65.0000,3.81430197e+000
6150.0000,50.0000,-65.0000,4.21624327e+000
6250.0000,50.0000,-65.0000,4.62540913e+000
6350.0000,50.0000,-65.0000,5.05338621e+000
6450.0000,50.0000,-65.0000,5.50089741e+000
6550.0000,50.0000,-65.0000,5.97207355e+000
6650.0000,50.0000,-65.0000,6.49948883e+000
6750.0000,50.0000,-65.0000,8.05190277e+000
6850.0000,50.0000,-65.0000,9.88617992e+000
6950.0000,50.0000,-65.0000,1.12749109e+001
7050.0000,50.0000,-65.0000,1.23141966e+001
7150.0000,50.0000,-65.0000,1.31454535e+001
7250.0000,50.0000,-65.0000,1.38207407e+001
7350.0000,50.0000,-65.0000,1.44179459e+001
7450.0000,50.0000,-65.0000,1.50116720e+001
7550.0000,50.0000,-65.0000,1.55938540e+001
7650.0000,50.0000,-65.0000,1.56488829e+001
7750.0000,50.0000,-65.0000,1.66215706e+001
7850.0000,50.0000,-65.0000,1.76540852e+001
7950.0000,50.0000,-65.0000,1.84265251e+001
8050.0000,50.0000,-65.0000,1.91599998e+001
8150.0000,50.0000,-65.0000,2.01508942e+001
8250.0000,50.0000,-65.0000,2.32130890e+001
8350.0000,50.0000,-65.0000,2.43978710e+001
8450.0000,50.0000,-65.0000,2.48916035e+001
8550.0000,50.0000,-65.0000,2.49292011e+001
8650.0000,50.0000,-65.0000,2.51794224e+001
50.0000,50.0000,-70.0000,0.00000000e+000
150.0000,50.0000,-70.0000,0.00000000e+000
250.0000,50.0000,-70.0000,0.00000000e+000
350.0000,50.0000,-70.0000,0.00000000e+000
450.0000,50.0000,-70.0000,0.00000000e+000
550.0000,50.0000,-70.0000,0.00000000e+000
650.0000,50.0000,-70.0000,1.43812767e-038
750.0000,50.0000,-70.0000,7.67700691e-038
850.0000,50.0000,-70.0000,3.42681217e-037
950.0000,50.0000,-70.0000,1.31032428e-036
1050.0000,50.0000,-70.0000,4.28326530e-036
1150.0000,50.0000,-70.0000,5.89438814e-036
1250.0000,50.0000,-70.0000,7.51066633e-036
1350.0000,50.0000,-70.0000,1.01007179e-035
1450.0000,50.0000,-70.0000,1.94379686e-035
1550.0000,50.0000,-70.0000,9.47555665e-035
1650.0000,50.0000,-70.0000,8.91847472e-034
1750.0000,50.0000,-70.0000,9.80845784e-033
1850.0000,50.0000,-70.0000,1.11922203e-031
1950.0000,50.0000,-70.0000,1.20399905e-030
2050.0000,50.0000,-70.0000,1.34870978e-029
2150.0000,50.0000,-70.0000,1.54396893e-028
2250.0000,50.0000,-70.0000,1.70100213e-027
2350.0000,50.0000,-70.0000,1.88074948e-026
2450.0000,50.0000,-70.0000,2.09463450e-025
2550.0000,50.0000,-70.0000,2.34270390e-024
2650.0000,50.0000,-70.0000,2.74859366e-023
2750.0000,50.0000,-70.0000,3.03694611e-022
2850.0000,50.0000,-70.0000,3.34085143e-021
2950.0000,50.0000,-70.0000,3.66443015e-020
3050.0000,50.0000,-70.0000,3.98537403e-019
3150.0000,50.0000,-70.0000,4.61541222e-018
3250.0000,50.0000,-70.0000,5.04299759e-017
3350.0000,50.0000,-70.0000,5.45273648e-016
3450.0000,50.0000,-70.0000,6.25818900e-015
3550.0000,50.0000,-70.0000,7.35343183e-014
3650.0000,50.0000,-70.0000,8.14421339e-013
3750.0000,50.0000,-70.0000,8.94208058e-012
3850.0000,50.0000,-70.0000,9.77063291e-011
3950.0000,50.0000,-70.0000,1.06419962e-009
4050.0000,50.0000,-70.0000,1.22957884e-008
4150.0000,50.0000,-70.0000,1.35167568e-007
4250.0000,50.0000,-70.0000,1.45921376e-006
4350.0000,50.0000,-70.0000,1.53983747e-005
4450.0000,50.0000,-70.0000,1.55431451e-004
4550.0000,50.0000,-70.0000,1.43928884e-003
4650.0000,50.0000,-70.0000,1.15890121e-002
4750.0000,50.0000,-70.0000,4.84276824e-002
4850.0000,50.0000,-70.0000,1.85846001e-001
4950.0000,50.0000,-70.0000,3.77040446e-001
5050.0000,50.0000,-70.0000,6.16841137e-001
5150.0000,50.0000,-70.0000,9.00317192e-001
5250.0000,50.0000,-70.0000,1.22526062e+000
5350.0000,50.0000,-70.0000,1.56120586e+000
5450.0000,50.0000,-70.0000,1.91493046e+000
5550.0000,50.0000,-70.0000,2.28411317e+000
5650.0000,50.0000,-70.0000,2.66764021e+000
5750.0000,50.0000,-70.0000,3.06446052e+000
5850.0000,50.0000,-70.0000,3.48029780e+000
5950.0000,50.0000,-70.0000,3.90783191e+000
6050.0000,50.0000,-70.0000,4.35089493e+000
6150.0000,50.0000,-70.0000,4.80523252e+000
6250.0000,50.0000,-70.0000,5.26762676e+000
6350.0000,50.0000,-70.0000,5.75124359e+000
6450.0000,50.0000,-70.0000,6.25621271e+000
6550.0000,50.0000,-70.0000,6.78453255e+000
6650.0000,50.0000,-70.0000,7.33654070e+000
6750.0000,50.0000,-70.0000,7.92213726e+000
6850.0000,50.0000,-70.0000,8.53359509e+000
6950.0000,50.0000,-70.0000,9.16821003e+000
7050.0000,50.0000,-70.0000,9.82704544e+000
7150.0000,50.0000,-70.0000,1.05188971e+001
7250.0000,50.0000,-70.0000,1.12414513e+001
7350.0000,50.0000,-70.0000,1.20041361e+001
7450.0000,50.0000,-70.0000,1.27968063e+001
7550.0000,50.0000,-70.0000,1.36327858e+001
7650.0000,50.0000,-70.0000,1.44932880e+001
7750.0000,50.0000,-70.0000,1.54023161e+001
7850.0000,50.0000,-70.0000,1.63329983e+001
7950.0000,50.0000,-70.0000,1.73145523e+001
8050.0000,50.0000,-70.0000,1.83146648e+001
8150.0000,50.0000,-70.0000,1.93744888e+001
8250.0000,50.0000,-70.0000,2.04516716e+001
8350.0000,50.0000,-70.0000,2.15892849e+001
8450.0000,50.0000,-70.0000,2.27304440e+001
8550.0000,50.0000,-70.0000,2.39295330e+001
8650.0000,50.0000,-70.0000,2.51425571e+001
8750.0000,50.0000,-70.0000,2.65461845e+001
8850.0000,50.0000,-70.0000,2.83523445e+001
2050.0000,50.0000,-75.0000,1.65588733e-029
2150.0000,50.0000,-75.0000,1.55445369e-028
2250.0000,50.0000,-75.0000,1.70547760e-027
2350.0000,50.0000,-75.0000,1.89307697e-026
2450.0000,50.0000,-75.0000,2.13262161e-025
2550.0000,50.0000,-75.0000,2.46867453e-024
2650.0000,50.0000,-75.0000,2.76874243e-023
2750.0000,50.0000,-75.0000,3.04175223e-022
2850.0000,50.0000,-75.0000,3.35175927e-021
2950.0000,50.0000,-75.0000,3.69891421e-020
3050.0000,50.0000,-75.0000,4.06646823e-019
3150.0000,50.0000,-75.0000,4.68958220e-018
3250.0000,50.0000,-75.0000,5.19117145e-017
3350.0000,50.0000,-75.0000,5.77813954e-016
3450.0000,50.0000,-75.0000,6.31812421e-015
3550.0000,50.0000,-75.0000,7.37802357e-014
3650.0000,50.0000,-75.0000,8.16077945e-013
3750.0000,50.0000,-75.0000,8.97072781e-012
3850.0000,50.0000,-75.0000,9.82446832e-011
3950.0000,50.0000,-75.0000,1.07079601e-009
4050.0000,50.0000,-75.0000,1.23692203e-008
4150.0000,50.0000,-75.0000,1.36175373e-007
4250.0000,50.0000,-75.0000,1.47814433e-006
4350.0000,50.0000,-75.0000,1.57661525e-005
4450.0000,50.0000,-75.0000,1.62189492e-004
4550.0000,50.0000,-75.0000,1.54382386e-003
4650.0000,50.0000,-75.0000,1.31258089e-002
4750.0000,50.0000,-75.0000,5.75273298e-002
4850.0000,50.0000,-75.0000,1.86041117e-001
4950.0000,50.0000,-75.0000,3.77360761e-001
5050.0000,50.0000,-75.0000,6.17319047e-001
5150.0000,50.0000,-75.0000,9.00985122e-001
5250.0000,50.0000,-75.0000,1.22613811e+000
5350.0000,50.0000,-75.0000,1.56228912e+000
5450.0000,50.0000,-75.0000,1.91624117e+000
5550.0000,50.0000,-75.0000,2.28567410e+000
5650.0000,50.0000,-75.0000,2.66947699e+000
5750.0000,50.0000,-75.0000,3.06660581e+000
5850.0000,50.0000,-75.0000,3.48273158e+000
5950.0000,50.0000,-75.0000,3.91064644e+000
6050.0000,50.0000,-75.0000,4.35398912e+000
6150.0000,50.0000,-75.0000,4.80871868e+000
6250.0000,50.0000,-75.0000,5.27132750e+000
6350.0000,50.0000,-75.0000,5.75544977e+000
6450.0000,50.0000,-75.0000,6.26048374e+000
6550.0000,50.0000,-75.0000,6.78956127e+000
6650.0000,50.0000,-75.0000,7.34091616e+000
6750.0000,50.0000,-75.0000,7.92232180e+000
6850.0000,50.0000,-75.0000,8.52684498e+000
6950.0000,50.0000,-75.0000,9.16209793e+000
7050.0000,50.0000,-75.0000,9.81709003e+000
7150.0000,50.0000,-75.0000,1.05148611e+001
7250.0000,50.0000,-75.0000,1.12313471e+001
7350.0000,50.0000,-75.0000,1.20041218e+001
7450.0000,50.0000,-75.0000,1.27862377e+001
7550.0000,50.0000,-75.0000,1.36368561e+001
7650.0000,50.0000,-75.0000,1.44825640e+001
7750.0000,50.0000,-75.0000,1.54105520e+001
7850.0000,50.0000,-75.0000,1.63197746e+001
7950.0000,50.0000,-75.0000,1.73260918e+001
8050.0000,50.0000,-75.0000,1.82993355e+001
8150.0000,50.0000,-75.0000,1.93896961e+001
8250.0000,50.0000,-75.0000,2.04316673e+001
8350.0000,50.0000,-75.0000,2.16056728e+001
8450.0000,50.0000,-75.0000,2.27096424e+001
8550.0000,50.0000,-75.0000,2.39461460e+001
8650.0000,50.0000,-75.0000,2.51289959e+001
8750.0000,50.0000,-75.0000,2.65558109e+001
8850.0000,50.0000,-75.0000,2.83480835e+001
8950.0000,50.0000,-75.0000,3.16352291e+001
2550.0000,50.0000,-80.0000,3.05712453e-024
2650.0000,50.0000,-80.0000,2.78856145e-023
2750.0000,50.0000,-80.0000,3.04510962e-022
2850.0000,50.0000,-80.0000,3.36004945e-021
2950.0000,50.0000,-80.0000,3.73068538e-020
3050.0000,50.0000,-80.0000,4.20802080e-019
3150.0000,50.0000,-80.0000,4.76545534e-018
3250.0000,50.0000,-80.0000,5.30985135e-017
3350.0000,50.0000,-80.0000,6.00238569e-016
3450.0000,50.0000,-80.0000,6.43588720e-015
3550.0000,50.0000,-80.0000,7.41823256e-014
3650.0000,50.0000,-80.0000,8.18247542e-013
3750.0000,50.0000,-80.0000,9.01239500e-012
3850.0000,50.0000,-80.0000,9.91440749e-011
3950.0000,50.0000,-80.0000,1.08334752e-009
4050.0000,50.0000,-80.0000,1.24856685e-008
4150.0000,50.0000,-80.0000,1.37742646e-007
4250.0000,50.0000,-80.0000,1.50934397e-006
4350.0000,50.0000,-80.0000,1.64068624e-005
4450.0000,50.0000,-80.0000,1.74725239e-004
4550.0000,50.0000,-80.0000,1.75136339e-003
4650.0000,50.0000,-80.0000,1.61673240e-002
4750.0000,50.0000,-80.0000,7.28677213e-002
4850.0000,50.0000,-80.0000,2.15058923e-001
4950.0000,50.0000,-80.0000,4.24615085e-001
5050.0000,50.0000,-80.0000,6.79658294e-001
5150.0000,50.0000,-80.0000,9.76909459e-001
5250.0000,50.0000,-80.0000,1.31290960e+000
5350.0000,50.0000,-80.0000,1.65280533e+000
5450.0000,50.0000,-80.0000,2.01230097e+000
5550.0000,50.0000,-80.0000,2.38688278e+000
5650.0000,50.0000,-80.0000,2.77550244e+000
5750.0000,50.0000,-80.0000,3.17614818e+000
5850.0000,50.0000,-80.0000,3.59759235e+000
5950.0000,50.0000,-80.0000,4.02926970e+000
6050.0000,50.0000,-80.0000,4.47602224e+000
6150.0000,50.0000,-80.0000,4.93315029e+000
6250.0000,50.0000,-80.0000,5.39788771e+000
6350.0000,50.0000,-80.0000,5.88822460e+000
6450.0000,50.0000,-80.0000,6.39911509e+000
6550.0000,50.0000,-80.0000,6.93532324e+000
6650.0000,50.0000,-80.0000,7.49229145e+000
6750.0000,50.0000,-80.0000,8.07988167e+000
6850.0000,50.0000,-80.0000,8.68697071e+000
6950.0000,50.0000,-80.0000,9.33096409e+000
7050.0000,50.0000,-80.0000,9.98906326e+000
7150.0000,50.0000,-80.0000,1.07013311e+001
7250.0000,50.0000,-80.0000,1.14198656e+001
7350.0000,50.0000,-80.0000,1.22123280e+001
7450.0000,50.0000,-80.0000,1.29926929e+001
7550.0000,50.0000,-80.0000,1.38671179e+001
7650.0000,50.0000,-80.0000,1.47066555e+001
7750.0000,50.0000,-80.0000,1.56623764e+001
7850.0000,50.0000,-80.0000,1.65601883e+001
7950.0000,50.0000,-80.0000,1.75986710e+001
8050.0000,50.0000,-80.0000,1.85561676e+001
8150.0000,50.0000,-80.0000,1.96844444e+001
8250.0000,50.0000,-80.0000,2.07051506e+001
8350.0000,50.0000,-80.0000,2.19214401e+001
8450.0000,50.0000,-80.0000,2.29996624e+001
8550.0000,50.0000,-80.0000,2.42763748e+001
8650.0000,50.0000,-80.0000,2.54263496e+001
8750.0000,50.0000,-80.0000,2.68986473e+001
8850.0000,50.0000,-80.0000,2.86891174e+001
8950.0000,50.0000,-80.0000,3.23125954e+001
9050.0000,50.0000,-80.0000,3.49388580e+001
3050.0000,50.0000,-85.0000,5.17476695e-019
3150.0000,50.0000,-85.0000,4.82360324e-018
3250.0000,50.0000,-85.0000,5.37595036e-017
3350.0000,50.0000,-85.0000,6.12905100e-016
3450.0000,50.0000,-85.0000,6.64744554e-015
3550.0000,50.0000,-85.0000,7.46883499e-014
3650.0000,50.0000,-85.0000,8.20343251e-013
3750.0000,50.0000,-85.0000,9.05581860e-012
3850.0000,50.0000,-85.0000,1.00250294e-010
3950.0000,50.0000,-85.0000,1.10473397e-009
4050.0000,50.0000,-85.0000,1.26283863e-008
4150.0000,50.0000,-85.0000,1.39514199e-007
4250.0000,50.0000,-85.0000,1.54573797e-006
4350.0000,50.0000,-85.0000,1.71917254e-005
4450.0000,50.0000,-85.0000,1.91411062e-004
4550.0000,50.0000,-85.0000,2.06306065e-003
4650.0000,50.0000,-85.0000,2.09908076e-002
4750.0000,50.0000,-85.0000,1.01759970e-001
4850.0000,50.0000,-85.0000,2.79094875e-001
4950.0000,50.0000,-85.0000,5.32868505e-001
5050.0000,50.0000,-85.0000,8.25073659e-001
5150.0000,50.0000,-85.0000,1.15763521e+000
5250.0000,50.0000,-85.0000,1.51214862e+000
5350.0000,50.0000,-85.0000,1.86027539e+000
5450.0000,50.0000,-85.0000,2.23400927e+000
5550.0000,50.0000,-85.0000,2.62177300e+000
5650.0000,50.0000,-85.0000,3.02291536e+000
5750.0000,50.0000,-85.0000,3.43213391e+000
5850.0000,50.0000,-85.0000,3.86541605e+000
5950.0000,50.0000,-85.0000,4.30661011e+000
6050.0000,50.0000,-85.0000,4.75824213e+000
6150.0000,50.0000,-85.0000,5.21744251e+000
6250.0000,50.0000,-85.0000,5.68874216e+000
6350.0000,50.0000,-85.0000,6.19515991e+000
6450.0000,50.0000,-85.0000,6.72025919e+000
6550.0000,50.0000,-85.0000,7.27393961e+000
6650.0000,50.0000,-85.0000,7.84440374e+000
6750.0000,50.0000,-85.0000,8.45053291e+000
6850.0000,50.0000,-85.0000,9.06611156e+000
6950.0000,50.0000,-85.0000,9.73448849e+000
7050.0000,50.0000,-85.0000,1.03983068e+001
7150.0000,50.0000,-85.0000,1.11482458e+001
7250.0000,50.0000,-85.0000,1.18656788e+001
7350.0000,50.0000,-85.0000,1.27106733e+001
7450.0000,50.0000,-85.0000,1.34765682e+001
7550.0000,50.0000,-85.0000,1.44167528e+001
7650.0000,50.0000,-85.0000,1.52267361e+001
7750.0000,50.0000,-85.0000,1.62616482e+001
7850.0000,50.0000,-85.0000,1.71140556e+001
7950.0000,50.0000,-85.0000,1.82461834e+001
8050.0000,50.0000,-85.0000,1.91431808e+001
8150.0000,50.0000,-85.0000,2.03836555e+001
8250.0000,50.0000,-85.0000,2.13264675e+001
8350.0000,50.0000,-85.0000,2.26703129e+001
8450.0000,50.0000,-85.0000,2.36528263e+001
8550.0000,50.0000,-85.0000,2.50608482e+001
8650.0000,50.0000,-85.0000,2.60818748e+001
8750.0000,50.0000,-85.0000,2.77120113e+001
8850.0000,50.0000,-85.0000,2.95742435e+001
8950.0000,50.0000,-85.0000,3.31237335e+001
9050.0000,50.0000,-85.0000,3.49108124e+001
9150.0000,50.0000,-85.0000,3.49976730e+001
3450.0000,50.0000,-90.0000,8.15685274e-015
3550.0000,50.0000,-90.0000,7.52009335e-014
3650.0000,50.0000,-90.0000,8.21668146e-013
3750.0000,50.0000,-90.0000,9.08508425e-012
3850.0000,50.0000,-90.0000,1.01174638e-010
3950.0000,50.0000,-90.0000,1.14183585e-009
4050.0000,50.0000,-90.0000,1.27747040e-008
4150.0000,50.0000,-90.0000,1.41053917e-007
4250.0000,50.0000,-90.0000,1.57813281e-006
4350.0000,50.0000,-90.0000,1.79296203e-005
4450.0000,50.0000,-90.0000,2.09052829e-004
4550.0000,50.0000,-90.0000,2.47683050e-003
4650.0000,50.0000,-90.0000,2.81828064e-002
4750.0000,50.0000,-90.0000,1.50240868e-001
4850.0000,50.0000,-90.0000,3.94963950e-001
4950.0000,50.0000,-90.0000,7.39889324e-001
5050.0000,50.0000,-90.0000,1.11429691e+000
5150.0000,50.0000,-90.0000,1.52806425e+000
5250.0000,50.0000,-90.0000,1.87659955e+000
5350.0000,50.0000,-90.0000,2.24845171e+000
5450.0000,50.0000,-90.0000,2.65484262e+000
5550.0000,50.0000,-90.0000,3.07284331e+000
5650.0000,50.0000,-90.0000,3.50260639e+000
5750.0000,50.0000,-90.0000,3.93229270e+000
5850.0000,50.0000,-90.0000,4.38298225e+000
5950.0000,50.0000,-90.0000,4.84606647e+000
6050.0000,50.0000,-90.0000,5.28957033e+000
6150.0000,50.0000,-90.0000,5.74186468e+000
6250.0000,50.0000,-90.0000,6.24118423e+000
6350.0000,50.0000,-90.0000,6.78420067e+000
6450.0000,50.0000,-90.0000,7.33939648e+000
6550.0000,50.0000,-90.0000,7.93076372e+000
6650.0000,50.0000,-90.0000,8.52894211e+000
6750.0000,50.0000,-90.0000,9.17783165e+000
6850.0000,50.0000,-90.0000,9.81219387e+000
6950.0000,50.0000,-90.0000,1.05369081e+001
7050.0000,50.0000,-90.0000,1.12094946e+001
7150.0000,50.0000,-90.0000,1.20425005e+001
7250.0000,50.0000,-90.0000,1.27472925e+001
7350.0000,50.0000,-90.0000,1.37046824e+001
7450.0000,50.0000,-90.0000,1.44247465e+001
7550.0000,50.0000,-90.0000,1.55020437e+001
7650.0000,50.0000,-90.0000,1.62359467e+001
7750.0000,50.0000,-90.0000,1.74308147e+001
7850.0000,50.0000,-90.0000,1.81808128e+001
7950.0000,50.0000,-90.0000,1.94947701e+001
8050.0000,50.0000,-90.0000,2.02681961e+001
8150.0000,50.0000,-90.0000,2.17150192e+001
8250.0000,50.0000,-90.0000,2.25099583e+001
8350.0000,50.0000,-90.0000,2.40767803e+001
8450.0000,50.0000,-90.0000,2.48802280e+001
8550.0000,50.0000,-90.0000,2.65257797e+001
8650.0000,50.0000,-90.0000,2.73142319e+001
8750.0000,50.0000,-90.0000,2.93498650e+001
8850.0000,50.0000,-90.0000,3.21707382e+001
8950.0000,50.0000,-90.0000,3.40080643e+001
9050.0000,50.0000,-90.0000,3.49233742e+001
9150.0000,50.0000,-90.0000,3.49965324e+001
9250.0000,50.0000,-90.0000,3.49996834e+001
9350.0000,50.0000,-90.0000,3.49994888e+001
3950.0000,50.0000,-95.0000,1.40198941e-009
4050.0000,50.0000,-95.0000,1.28960114e-008
4150.0000,50.0000,-95.0000,1.41953521e-007
4250.0000,50.0000,-95.0000,1.59735998e-006
4350.0000,50.0000,-95.0000,1.83921948e-005
4450.0000,50.0000,-95.0000,2.21896160e-004
4550.0000,50.0000,-95.0000,2.97203776e-003
4650.0000,50.0000,-95.0000,3.92615050e-002
4750.0000,50.0000,-95.0000,2.41529390e-001
4850.0000,50.0000,-95.0000,6.36852980e-001
4950.0000,50.0000,-95.0000,1.25869620e+000
5050.0000,50.0000,-95.0000,1.93432689e+000
5150.0000,50.0000,-95.0000,2.41719532e+000
5250.0000,50.0000,-95.0000,2.53315115e+000
5350.0000,50.0000,-95.0000,3.12205315e+000
5450.0000,50.0000,-95.0000,3.59005499e+000
5550.0000,50.0000,-95.0000,4.11171007e+000
5650.0000,50.0000,-95.0000,4.61382484e+000
5750.0000,50.0000,-95.0000,5.10834837e+000
5850.0000,50.0000,-95.0000,5.52751637e+000
5950.0000,50.0000,-95.0000,6.01850367e+000
6050.0000,50.0000,-95.0000,6.33618116e+000
6150.0000,50.0000,-95.0000,6.82677603e+000
6250.0000,50.0000,-95.0000,7.53450537e+000
6350.0000,50.0000,-95.0000,8.14031410e+000
6450.0000,50.0000,-95.0000,8.80937576e+000
6550.0000,50.0000,-95.0000,9.50550270e+000
6650.0000,50.0000,-95.0000,1.02107639e+001
6750.0000,50.0000,-95.0000,1.09846258e+001
6850.0000,50.0000,-95.0000,1.17346458e+001
6950.0000,50.0000,-95.0000,1.25985308e+001
7050.0000,50.0000,-95.0000,1.33861895e+001
7150.0000,50.0000,-95.0000,1.43317623e+001
7250.0000,50.0000,-95.0000,1.50877895e+001
7350.0000,50.0000,-95.0000,1.61121044e+001
7450.0000,50.0000,-95.0000,1.68427124e+001
7550.0000,50.0000,-95.0000,1.79622154e+001
7650.0000,50.0000,-95.0000,1.86916428e+001
7750.0000,50.0000,-95.0000,1.99177933e+001
7850.0000,50.0000,-95.0000,2.06635952e+001
7950.0000,50.0000,-95.0000,2.19992027e+001
8050.0000,50.0000,-95.0000,2.27664661e+001
8150.0000,50.0000,-95.0000,2.42120228e+001
8250.0000,50.0000,-95.0000,2.49988880e+001
8350.0000,50.0000,-95.0000,2.65797939e+001
8450.0000,50.0000,-95.0000,2.74629040e+001
8550.0000,50.0000,-95.0000,2.92662144e+001
8650.0000,50.0000,-95.0000,3.07649651e+001
8750.0000,50.0000,-95.0000,3.25773125e+001
8850.0000,50.0000,-95.0000,3.35839691e+001
8950.0000,50.0000,-95.0000,3.44199257e+001
9050.0000,50.0000,-95.0000,3.49309273e+001
9150.0000,50.0000,-95.0000,3.49963112e+001
9250.0000,50.0000,-95.0000,3.49995270e+001
9350.0000,50.0000,-95.0000,3.49990768e+001
9450.0000,50.0000,-95.0000,3.50004158e+001
4550.0000,50.0000,-100.0000,4.19696886e-003
4650.0000,50.0000,-100.0000,6.42255843e-002
4750.0000,50.0000,-100.0000,6.89110160e-001
4850.0000,50.0000,-100.0000,1.25306654e+000
4950.0000,50.0000,-100.0000,1.81804633e+000
5050.0000,50.0000,-100.0000,2.64880061e+000
5150.0000,50.0000,-100.0000,3.85752654e+000
5250.0000,50.0000,-100.0000,4.61960316e+000
5350.0000,50.0000,-100.0000,5.05138969e+000
5450.0000,50.0000,-100.0000,5.68984127e+000
5550.0000,50.0000,-100.0000,6.36956358e+000
5650.0000,50.0000,-100.0000,7.13650799e+000
5750.0000,50.0000,-100.0000,7.96937418e+000
5850.0000,50.0000,-100.0000,8.86086845e+000
5950.0000,50.0000,-100.0000,9.18358994e+000
6050.0000,50.0000,-100.0000,9.80279732e+000
6150.0000,50.0000,-100.0000,1.03765688e+001
6250.0000,50.0000,-100.0000,1.08045444e+001
6350.0000,50.0000,-100.0000,1.13571053e+001
6450.0000,50.0000,-100.0000,1.19093161e+001
6550.0000,50.0000,-100.0000,1.25046740e+001
6650.0000,50.0000,-100.0000,1.31280603e+001
6750.0000,50.0000,-100.0000,1.37801762e+001
6850.0000,50.0000,-100.0000,1.44592657e+001
6950.0000,50.0000,-100.0000,1.51627398e+001
7050.0000,50.0000,-100.0000,1.58733444e+001
7150.0000,50.0000,-100.0000,1.66417561e+001
7250.0000,50.0000,-100.0000,1.73900661e+001
7350.0000,50.0000,-100.0000,1.82524090e+001
7450.0000,50.0000,-100.0000,1.90420170e+001
7550.0000,50.0000,-100.0000,2.00064964e+001
7650.0000,50.0000,-100.0000,2.08407001e+001
7750.0000,50.0000,-100.0000,2.19084644e+001
7850.0000,50.0000,-100.0000,2.27884712e+001
7950.0000,50.0000,-100.0000,2.39574013e+001
8050.0000,50.0000,-100.0000,2.48796158e+001
8150.0000,50.0000,-100.0000,2.61509151e+001
8250.0000,50.0000,-100.0000,2.71211014e+001
8350.0000,50.0000,-100.0000,2.85126667e+001
8450.0000,50.0000,-100.0000,2.95677147e+001
8550.0000,50.0000,-100.0000,3.10548477e+001
8650.0000,50.0000,-100.0000,3.22035370e+001
8750.0000,50.0000,-100.0000,3.33821907e+001
8850.0000,50.0000,-100.0000,3.40774956e+001
8950.0000,50.0000,-100.0000,3.46197357e+001
9050.0000,50.0000,-100.0000,3.49368172e+001
9150.0000,50.0000,-100.0000,3.49957542e+001
9250.0000,50.0000,-100.0000,3.49993286e+001
9350.0000,50.0000,-100.0000,3.49987373e+001
9450.0000,50.0000,-100.0000,3.50008469e+001
9550.0000,50.0000,-100.0000,3.50004272e+001
9650.0000,50.0000,-100.0000,3.50001411e+001
5150.0000,50.0000,-105.0000,4.16406441e+000
5250.0000,50.0000,-105.0000,4.80492067e+000
5350.0000,50.0000,-105.0000,5.30872917e+000
5450.0000,50.0000,-105.0000,5.95992231e+000
5550.0000,50.0000,-105.0000,6.67003679e+000
5650.0000,50.0000,-105.0000,7.46181583e+000
5750.0000,50.0000,-105.0000,8.32322121e+000
5850.0000,50.0000,-105.0000,9.25643921e+000
5950.0000,50.0000,-105.0000,9.78463173e+000
6050.0000,50.0000,-105.0000,1.03312759e+001
6150.0000,50.0000,-105.0000,1.08459873e+001
6250.0000,50.0000,-105.0000,1.13371859e+001
6350.0000,50.0000,-105.0000,1.18983593e+001
6450.0000,50.0000,-105.0000,1.24754696e+001
6550.0000,50.0000,-105.0000,1.30887375e+001
6650.0000,50.0000,-105.0000,1.37275076e+001
6750.0000,50.0000,-105.0000,1.43950787e+001
6850.0000,50.0000,-105.0000,1.50852690e+001
6950.0000,50.0000,-105.0000,1.58018513e+001
7050.0000,50.0000,-105.0000,1.65354633e+001
7150.0000,50.0000,-105.0000,1.73109360e+001
7250.0000,50.0000,-105.0000,1.80971909e+001
7350.0000,50.0000,-105.0000,1.89534340e+001
7450.0000,50.0000,-105.0000,1.97961578e+001
7550.0000,50.0000,-105.0000,2.07391224e+001
7650.0000,50.0000,-105.0000,2.16402607e+001
7750.0000,50.0000,-105.0000,2.26714039e+001
7850.0000,50.0000,-105.0000,2.36305809e+001
7950.0000,50.0000,-105.0000,2.47483597e+001
8050.0000,50.0000,-105.0000,2.57638206e+001
8150.0000,50.0000,-105.0000,2.69701691e+001
8250.0000,50.0000,-105.0000,2.80414124e+001
8350.0000,50.0000,-105.0000,2.93369350e+001
8450.0000,50.0000,-105.0000,3.04490108e+001
8550.0000,50.0000,-105.0000,3.17453766e+001
8650.0000,50.0000,-105.0000,3.27847939e+001
8750.0000,50.0000,-105.0000,3.36932907e+001
8850.0000,50.0000,-105.0000,3.43144608e+001
8950.0000,50.0000,-105.0000,3.47199440e+001
9050.0000,50.0000,-105.0000,3.49413528e+001
9150.0000,50.0000,-105.0000,3.49950104e+001
9250.0000,50.0000,-105.0000,3.49991798e+001
9350.0000,50.0000,-105.0000,3.49985924e+001
9450.0000,50.0000,-105.0000,3.50010719e+001
9550.0000,50.0000,-105.0000,3.50002518e+001
9650.0000,50.0000,-105.0000,3.50003471e+001
9750.0000,50.0000,-105.0000,3.50000725e+001
9850.0000,50.0000,-105.0000,3.50000000e+001
5850.0000,50.0000,-110.0000,9.44901276e+000
5950.0000,50.0000,-110.0000,9.96132755e+000
6050.0000,50.0000,-110.0000,1.04918108e+001
6150.0000,50.0000,-110.0000,1.10045462e+001
6250.0000,50.0000,-110.0000,1.15181322e+001
6350.0000,50.0000,-110.0000,1.20821514e+001
6450.0000,50.0000,-110.0000,1.26699495e+001
6550.0000,50.0000,-110.0000,1.32895679e+001
6650.0000,50.0000,-110.0000,1.39364605e+001
6750.0000,50.0000,-110.0000,1.46093397e+001
6850.0000,50.0000,-110.0000,1.53074217e+001
6950.0000,50.0000,-110.0000,1.60285702e+001
7050.0000,50.0000,-110.0000,1.67743950e+001
7150.0000,50.0000,-110.0000,1.75535336e+001
7250.0000,50.0000,-110.0000,1.83579769e+001
7350.0000,50.0000,-110.0000,1.92112637e+001
7450.0000,50.0000,-110.0000,2.00801010e+001
7550.0000,50.0000,-110.0000,2.10121593e+001
7650.0000,50.0000,-110.0000,2.19470844e+001
7750.0000,50.0000,-110.0000,2.29589863e+001
7850.0000,50.0000,-110.0000,2.39595737e+001
7950.0000,50.0000,-110.0000,2.50498981e+001
8050.0000,50.0000,-110.0000,2.61149578e+001
8150.0000,50.0000,-110.0000,2.72849331e+001
8250.0000,50.0000,-110.0000,2.84115715e+001
8350.0000,50.0000,-110.0000,2.96516151e+001
8450.0000,50.0000,-110.0000,3.08039932e+001
8550.0000,50.0000,-110.0000,3.20048523e+001
8650.0000,50.0000,-110.0000,3.30166283e+001
8750.0000,50.0000,-110.0000,3.38298073e+001
8850.0000,50.0000,-110.0000,3.44015007e+001
8950.0000,50.0000,-110.0000,3.47669106e+001
9050.0000,50.0000,-110.0000,3.49430809e+001
9150.0000,50.0000,-110.0000,3.49940186e+001
9250.0000,50.0000,-110.0000,3.49992104e+001
9350.0000,50.0000,-110.0000,3.49989090e+001
9450.0000,50.0000,-110.0000,3.50008812e+001
9550.0000,50.0000,-110.0000,3.50007439e+001
9650.0000,50.0000,-110.0000,3.50003815e+001
9750.0000,50.0000,-110.0000,3.50001335e+001
9850.0000,50.0000,-110.0000,3.50000038e+001
9950.0000,50.0000,-110.0000,3.50000000e+001
