X, Y, Z, Concentration
50.0000,50.0000,0.0000,0.00000000e+000
150.0000,50.0000,0.0000,0.00000000e+000
250.0000,50.0000,0.0000,0.00000000e+000
350.0000,50.0000,0.0000,0.00000000e+000
450.0000,50.0000,0.0000,0.00000000e+000
550.0000,50.0000,0.0000,0.00000000e+000
650.0000,50.0000,0.0000,0.00000000e+000
750.0000,50.0000,0.0000,0.00000000e+000
850.0000,50.0000,0.0000,0.00000000e+000
950.0000,50.0000,0.0000,0.00000000e+000
1050.0000,50.0000,0.0000,0.00000000e+000
1150.0000,50.0000,0.0000,0.00000000e+000
1250.0000,50.0000,0.0000,0.00000000e+000
1350.0000,50.0000,0.0000,0.00000000e+000
1450.0000,50.0000,0.0000,0.00000000e+000
1550.0000,50.0000,0.0000,0.00000000e+000
1650.0000,50.0000,0.0000,0.00000000e+000
1750.0000,50.0000,0.0000,0.00000000e+000
1850.0000,50.0000,0.0000,0.00000000e+000
1950.0000,50.0000,0.0000,0.00000000e+000
2050.0000,50.0000,0.0000,0.00000000e+000
2150.0000,50.0000,0.0000,0.00000000e+000
2250.0000,50.0000,0.0000,0.00000000e+000
2350.0000,50.0000,0.0000,0.00000000e+000
2450.0000,50.0000,0.0000,0.00000000e+000
2550.0000,50.0000,0.0000,0.00000000e+000
2650.0000,50.0000,0.0000,0.00000000e+000
2750.0000,50.0000,0.0000,0.00000000e+000
2850.0000,50.0000,0.0000,0.00000000e+000
2950.0000,50.0000,0.0000,0.00000000e+000
3050.0000,50.0000,0.0000,0.00000000e+000
3150.0000,50.0000,0.0000,0.00000000e+000
3250.0000,50.0000,0.0000,0.00000000e+000
3350.0000,50.0000,0.0000,0.00000000e+000
3450.0000,50.0000,0.0000,0.00000000e+000
3550.0000,50.0000,0.0000,0.00000000e+000
3650.0000,50.0000,0.0000,0.00000000e+000
3750.0000,50.0000,0.0000,0.00000000e+000
3850.0000,50.0000,0.0000,2.35642978e-037
3950.0000,50.0000,0.0000,2.28777672e-034
4050.0000,50.0000,0.0000,2.11602313e-031
4150.0000,50.0000,0.0000,1.86769729e-028
4250.0000,50.0000,0.0000,1.57584728e-025
4350.0000,50.0000,0.0000,1.27469737e-022
4450.0000,50.0000,0.0000,9.96824952e-020
4550.0000,50.0000,0.0000,7.75065786e-017
4650.0000,50.0000,0.0000,6.52117317e-014
4750.0000,50.0000,0.0000,5.32675536e-011
4850.0000,50.0000,0.0000,1.51606141e-008
4950.0000,50.0000,0.0000,6.79570849e-006
5050.0000,50.0000,0.0000,4.28089661e-005
5150.0000,50.0000,0.0000,1.41340177e-004
5250.0000,50.0000,0.0000,3.46549292e-004
5350.0000,50.0000,0.0000,7.09110056e-004
5450.0000,50.0000,0.0000,1.28155760e-003
5550.0000,50.0000,0.0000,2.11470947e-003
5650.0000,50.0000,0.0000,3.25638987e-003
5750.0000,50.0000,0.0000,4.75126691e-003
5850.0000,50.0000,0.0000,6.64173299e-003
5950.0000,50.0000,0.0000,8.96800309e-003
6050.0000,50.0000,0.0000,1.17772212e-002
6150.0000,50.0000,0.0000,1.51073784e-002
6250.0000,50.0000,0.0000,1.90628823e-002
6350.0000,50.0000,0.0000,2.36988906e-002
6450.0000,50.0000,0.0000,2.89143082e-002
6550.0000,50.0000,0.0000,3.76273729e-002
6650.0000,50.0000,0.0000,4.10339162e-002
6750.0000,50.0000,0.0000,4.59503159e-002
6850.0000,50.0000,0.0000,4.57536221e-001
6950.0000,50.0000,0.0000,9.40148890e-001
7050.0000,50.0000,0.0000,4.79135036e+000
50.0000,50.0000,-5.0000,0.00000000e+000
150.0000,50.0000,-5.0000,0.00000000e+000
250.0000,50.0000,-5.0000,0.00000000e+000
350.0000,50.0000,-5.0000,0.00000000e+000
450.0000,50.0000,-5.0000,0.00000000e+000
550.0000,50.0000,-5.0000,0.00000000e+000
650.0000,50.0000,-5.0000,0.00000000e+000
750.0000,50.0000,-5.0000,0.00000000e+000
850.0000,50.0000,-5.0000,0.00000000e+000
950.0000,50.0000,-5.0000,0.00000000e+000
1050.0000,50.0000,-5.0000,0.00000000e+000
1150.0000,50.0000,-5.0000,0.00000000e+000
1250.0000,50.0000,-5.0000,0.00000000e+000
1350.0000,50.0000,-5.0000,0.00000000e+000
1450.0000,50.0000,-5.0000,0.00000000e+000
1550.0000,50.0000,-5.0000,0.00000000e+000
1650.0000,50.0000,-5.0000,0.00000000e+000
1750.0000,50.0000,-5.0000,0.00000000e+000
1850.0000,50.0000,-5.0000,0.00000000e+000
1950.0000,50.0000,-5.0000,0.00000000e+000
2050.0000,50.0000,-5.0000,0.00000000e+000
2150.0000,50.0000,-5.0000,0.00000000e+000
2250.0000,50.0000,-5.0000,0.00000000e+000
2350.0000,50.0000,-5.0000,0.00000000e+000
2450.0000,50.0000,-5.0000,0.00000000e+000
2550.0000,50.0000,-5.0000,0.00000000e+000
2650.0000,50.0000,-5.0000,0.00000000e+000
2750.0000,50.0000,-5.0000,0.00000000e+000
2850.0000,50.0000,-5.0000,0.00000000e+000
2950.0000,50.0000,-5.0000,0.00000000e+000
3050.0000,50.0000,-5.0000,0.00000000e+000
3150.0000,50.0000,-5.0000,0.00000000e+000
3250.0000,50.0000,-5.0000,0.00000000e+000
3350.0000,50.0000,-5.0000,0.00000000e+000
3450.0000,50.0000,-5.0000,0.00000000e+000
3550.0000,50.0000,-5.0000,0.00000000e+000
3650.0000,50.0000,-5.0000,0.00000000e+000
3750.0000,50.0000,-5.0000,0.00000000e+000
3850.0000,50.0000,-5.0000,7.20612466e-037
3950.0000,50.0000,-5.0000,6.91207989e-034
4050.0000,50.0000,-5.0000,6.34383221e-031
4150.0000,50.0000,-5.0000,5.58912285e-028
4250.0000,50.0000,-5.0000,4.74468280e-025
4350.0000,50.0000,-5.0000,3.90540169e-022
4450.0000,50.0000,-5.0000,3.16767782e-019
4550.0000,50.0000,-5.0000,2.65810374e-016
4650.0000,50.0000,-5.0000,2.61055283e-013
4750.0000,50.0000,-5.0000,3.11145748e-010
4850.0000,50.0000,-5.0000,1.45812621e-007
4950.0000,50.0000,-5.0000,1.10025640e-005
5050.0000,50.0000,-5.0000,5.92654796e-005
5150.0000,50.0000,-5.0000,1.83792741e-004
5250.0000,50.0000,-5.0000,4.33708919e-004
5350.0000,50.0000,-5.0000,8.63742840e-004
5450.0000,50.0000,-5.0000,1.52919372e-003
5550.0000,50.0000,-5.0000,2.48251390e-003
5650.0000,50.0000,-5.0000,3.77253187e-003
5750.0000,50.0000,-5.0000,5.44451177e-003
5850.0000,50.0000,-5.0000,7.54120247e-003
5950.0000,50.0000,-5.0000,1.01030506e-002
6050.0000,50.0000,-5.0000,1.31782247e-002
6150.0000,50.0000,-5.0000,1.68036316e-002
6250.0000,50.0000,-5.0000,2.10950729e-002
6350.0000,50.0000,-5.0000,2.60748696e-002
6450.0000,50.0000,-5.0000,3.17538790e-002
6550.0000,50.0000,-5.0000,4.11738940e-002
6650.0000,50.0000,-5.0000,4.32621017e-002
6750.0000,50.0000,-5.0000,6.93920851e-002
6850.0000,50.0000,-5.0000,5.97530603e-001
6950.0000,50.0000,-5.0000,1.35752046e+000
7050.0000,50.0000,-5.0000,5.96875858e+000
7150.0000,50.0000,-5.0000,2.49654179e+001
50.0000,50.0000,-10.0000,0.00000000e+000
150.0000,50.0000,-10.0000,0.00000000e+000
250.0000,50.0000,-10.0000,0.00000000e+000
350.0000,50.0000,-10.0000,0.00000000e+000
450.0000,50.0000,-10.0000,0.00000000e+000
550.0000,50.0000,-10.0000,0.00000000e+000
650.0000,50.0000,-10.0000,0.00000000e+000
750.0000,50.0000,-10.0000,0.00000000e+000
850.0000,50.0000,-10.0000,0.00000000e+000
950.0000,50.0000,-10.0000,0.00000000e+000
1050.0000,50.0000,-10.0000,0.00000000e+000
1150.0000,50.0000,-10.0000,0.00000000e+000
1250.0000,50.0000,-10.0000,0.00000000e+000
1350.0000,50.0000,-10.0000,0.00000000e+000
1450.0000,50.0000,-10.0000,0.00000000e+000
1550.0000,50.0000,-10.0000,0.00000000e+000
1650.0000,50.0000,-10.0000,0.00000000e+000
1750.0000,50.0000,-10.0000,0.00000000e+000
1850.0000,50.0000,-10.0000,0.00000000e+000
1950.0000,50.0000,-10.0000,0.00000000e+000
2050.0000,50.0000,-10.0000,0.00000000e+000
2150.0000,50.0000,-10.0000,0.00000000e+000
2250.0000,50.0000,-10.0000,0.00000000e+000
2350.0000,50.0000,-10.0000,0.00000000e+000
2450.0000,50.0000,-10.0000,0.00000000e+000
2550.0000,50.0000,-10.0000,0.00000000e+000
2650.0000,50.0000,-10.0000,0.00000000e+000
2750.0000,50.0000,-10.0000,0.00000000e+000
2850.0000,50.0000,-10.0000,0.00000000e+000
2950.0000,50.0000,-10.0000,0.00000000e+000
3050.0000,50.0000,-10.0000,0.00000000e+000
3150.0000,50.0000,-10.0000,0.00000000e+000
3250.0000,50.0000,-10.0000,0.00000000e+000
3350.0000,50.0000,-10.0000,0.00000000e+000
3450.0000,50.0000,-10.0000,0.00000000e+000
3550.0000,50.0000,-10.0000,0.00000000e+000
3650.0000,50.0000,-10.0000,0.00000000e+000
3750.0000,50.0000,-10.0000,0.00000000e+000
3850.0000,50.0000,-10.0000,2.76143669e-036
3950.0000,50.0000,-10.0000,2.54833418e-033
4050.0000,50.0000,-10.0000,2.24280504e-030
4150.0000,50.0000,-10.0000,1.89077595e-027
4250.0000,50.0000,-10.0000,1.53556104e-024
4350.0000,50.0000,-10.0000,1.21279087e-021
4450.0000,50.0000,-10.0000,9.52334177e-019
4550.0000,50.0000,-10.0000,7.90719444e-016
4650.0000,50.0000,-10.0000,8.01749834e-013
4750.0000,50.0000,-10.0000,1.09523657e-009
4850.0000,50.0000,-10.0000,9.20329853e-007
4950.0000,50.0000,-10.0000,2.08951787e-005
5050.0000,50.0000,-10.0000,9.53333656e-005
5150.0000,50.0000,-10.0000,2.71956640e-004
5250.0000,50.0000,-10.0000,6.07466616e-004
5350.0000,50.0000,-10.0000,1.16181641e-003
5450.0000,50.0000,-10.0000,1.99289224e-003
5550.0000,50.0000,-10.0000,3.15383566e-003
5650.0000,50.0000,-10.0000,4.69342060e-003
5750.0000,50.0000,-10.0000,6.65649772e-003
5850.0000,50.0000,-10.0000,9.08533949e-003
5950.0000,50.0000,-10.0000,1.20202294e-002
6050.0000,50.0000,-10.0000,1.55110173e-002
6150.0000,50.0000,-10.0000,1.95936356e-002
6250.0000,50.0000,-10.0000,2.44073998e-002
6350.0000,50.0000,-10.0000,2.99084932e-002
6450.0000,50.0000,-10.0000,3.63976508e-002
6550.0000,50.0000,-10.0000,4.68492731e-002
6650.0000,50.0000,-10.0000,4.73520756e-002
6750.0000,50.0000,-10.0000,1.33458555e-001
6850.0000,50.0000,-10.0000,9.19337749e-001
6950.0000,50.0000,-10.0000,2.31947136e+000
7050.0000,50.0000,-10.0000,8.73814583e+000
7150.0000,50.0000,-10.0000,2.54417133e+001
7250.0000,50.0000,-10.0000,3.47531166e+001
7350.0000,50.0000,-10.0000,3.49881248e+001
50.0000,50.0000,-15.0000,0.00000000e+000
150.0000,50.0000,-15.0000,0.00000000e+000
250.0000,50.0000,-15.0000,0.00000000e+000
350.0000,50.0000,-15.0000,0.00000000e+000
450.0000,50.0000,-15.0000,0.00000000e+000
550.0000,50.0000,-15.0000,0.00000000e+000
650.0000,50.0000,-15.0000,0.00000000e+000
750.0000,50.0000,-15.0000,0.00000000e+000
850.0000,50.0000,-15.0000,0.00000000e+000
950.0000,50.0000,-15.0000,0.00000000e+000
1050.0000,50.0000,-15.0000,0.00000000e+000
1150.0000,50.0000,-15.0000,0.00000000e+000
1250.0000,50.0000,-15.0000,0.00000000e+000
1350.0000,50.0000,-15.0000,0.00000000e+000
1450.0000,50.0000,-15.0000,0.00000000e+000
1550.0000,50.0000,-15.0000,0.00000000e+000
1650.0000,50.0000,-15.0000,0.00000000e+000
1750.0000,50.0000,-15.0000,0.00000000e+000
1850.0000,50.0000,-15.0000,0.00000000e+000
1950.0000,50.0000,-15.0000,0.00000000e+000
2050.0000,50.0000,-15.0000,0.00000000e+000
2150.0000,50.0000,-15.0000,0.00000000e+000
2250.0000,50.0000,-15.0000,0.00000000e+000
2350.0000,50.0000,-15.0000,0.00000000e+000
2450.0000,50.0000,-15.0000,0.00000000e+000
2550.0000,50.0000,-15.0000,0.00000000e+000
2650.0000,50.0000,-15.0000,0.00000000e+000
2750.0000,50.0000,-15.0000,0.00000000e+000
2850.0000,50.0000,-15.0000,0.00000000e+000
2950.0000,50.0000,-15.0000,0.00000000e+000
3050.0000,50.0000,-15.0000,0.00000000e+000
3150.0000,50.0000,-15.0000,0.00000000e+000
3250.0000,50.0000,-15.0000,0.00000000e+000
3350.0000,50.0000,-15.0000,0.00000000e+000
3450.0000,50.0000,-15.0000,0.00000000e+000
3550.0000,50.0000,-15.0000,0.00000000e+000
3650.0000,50.0000,-15.0000,0.00000000e+000
3750.0000,50.0000,-15.0000,1.38057074e-038
3850.0000,50.0000,-15.0000,1.31134158e-035
3950.0000,50.0000,-15.0000,1.17589409e-032
4050.0000,50.0000,-15.0000,9.97193487e-030
4150.0000,50.0000,-15.0000,8.01258733e-027
4250.0000,50.0000,-15.0000,6.11780841e-024
4350.0000,50.0000,-15.0000,4.46802820e-021
4450.0000,50.0000,-15.0000,3.18351419e-018
4550.0000,50.0000,-15.0000,2.35948121e-015
4650.0000,50.0000,-15.0000,2.15686995e-012
4750.0000,50.0000,-15.0000,2.90428859e-009
4850.0000,50.0000,-15.0000,3.10477799e-006
4950.0000,50.0000,-15.0000,4.02453043e-005
5050.0000,50.0000,-15.0000,1.60323558e-004
5150.0000,50.0000,-15.0000,4.23049962e-004
5250.0000,50.0000,-15.0000,8.94826080e-004
5350.0000,50.0000,-15.0000,1.64125045e-003
5450.0000,50.0000,-15.0000,2.72186636e-003
5550.0000,50.0000,-15.0000,4.18906426e-003
5650.0000,50.0000,-15.0000,6.09030388e-003
5750.0000,50.0000,-15.0000,8.46888404e-003
5850.0000,50.0000,-15.0000,1.13657331e-002
5950.0000,50.0000,-15.0000,1.48207061e-002
6050.0000,50.0000,-15.0000,1.88861862e-002
6150.0000,50.0000,-15.0000,2.35977471e-002
6250.0000,50.0000,-15.0000,2.91306693e-002
6350.0000,50.0000,-15.0000,3.53380106e-002
6450.0000,50.0000,-15.0000,4.30536866e-002
6550.0000,50.0000,-15.0000,5.43923303e-002
6650.0000,50.0000,-15.0000,5.45983352e-002
6750.0000,50.0000,-15.0000,2.71794617e-001
6850.0000,50.0000,-15.0000,1.52183604e+000
6950.0000,50.0000,-15.0000,3.98766494e+000
7050.0000,50.0000,-15.0000,1.21752520e+001
7150.0000,50.0000,-15.0000,2.83744621e+001
7250.0000,50.0000,-15.0000,3.49704399e+001
7350.0000,50.0000,-15.0000,3.49782219e+001
7450.0000,50.0000,-15.0000,3.49668922e+001
50.0000,50.0000,-20.0000,0.00000000e+000
150.0000,50.0000,-20.0000,0.00000000e+000
250.0000,50.0000,-20.0000,0.00000000e+000
350.0000,50.0000,-20.0000,0.00000000e+000
450.0000,50.0000,-20.0000,0.00000000e+000
550.0000,50.0000,-20.0000,0.00000000e+000
650.0000,50.0000,-20.0000,0.00000000e+000
750.0000,50.0000,-20.0000,0.00000000e+000
850.0000,50.0000,-20.0000,0.00000000e+000
950.0000,50.0000,-20.0000,0.00000000e+000
1050.0000,50.0000,-20.0000,0.00000000e+000
1150.0000,50.0000,-20.0000,0.00000000e+000
1250.0000,50.0000,-20.0000,0.00000000e+000
1350.0000,50.0000,-20.0000,0.00000000e+000
1450.0000,50.0000,-20.0000,0.00000000e+000
1550.0000,50.0000,-20.0000,0.00000000e+000
1650.0000,50.0000,-20.0000,0.00000000e+000
1750.0000,50.0000,-20.0000,0.00000000e+000
1850.0000,50.0000,-20.0000,0.00000000e+000
1950.0000,50.0000,-20.0000,0.00000000e+000
2050.0000,50.0000,-20.0000,0.00000000e+000
2150.0000,50.0000,-20.0000,0.00000000e+000
2250.0000,50.0000,-20.0000,0.00000000e+000
2350.0000,50.0000,-20.0000,0.00000000e+000
2450.0000,50.0000,-20.0000,0.00000000e+000
2550.0000,50.0000,-20.0000,0.00000000e+000
2650.0000,50.0000,-20.0000,0.00000000e+000
2750.0000,50.0000,-20.0000,0.00000000e+000
2850.0000,50.0000,-20.0000,0.00000000e+000
2950.0000,50.0000,-20.0000,0.00000000e+000
3050.0000,50.0000,-20.0000,0.00000000e+000
3150.0000,50.0000,-20.0000,0.00000000e+000
3250.0000,50.0000,-20.0000,0.00000000e+000
3350.0000,50.0000,-20.0000,0.00000000e+000
3450.0000,50.0000,-20.0000,0.00000000e+000
3550.0000,50.0000,-20.0000,0.00000000e+000
3650.0000,50.0000,-20.0000,0.00000000e+000
3750.0000,50.0000,-20.0000,7.59054455e-038
3850.0000,50.0000,-20.0000,7.21598789e-035
3950.0000,50.0000,-20.0000,6.47821696e-032
4050.0000,50.0000,-20.0000,5.49637114e-029
4150.0000,50.0000,-20.0000,4.40668210e-026
4250.0000,50.0000,-20.0000,3.33427713e-023
4350.0000,50.0000,-20.0000,2.37588002e-020
4450.0000,50.0000,-20.0000,1.59458932e-017
4550.0000,50.0000,-20.0000,1.02520904e-014
4650.0000,50.0000,-20.0000,6.92669836e-012
4750.0000,50.0000,-20.0000,7.10114989e-009
4850.0000,50.0000,-20.0000,8.35683659e-006
4950.0000,50.0000,-20.0000,7.59859249e-005
5050.0000,50.0000,-20.0000,2.70297140e-004
5150.0000,50.0000,-20.0000,6.65523461e-004
5250.0000,50.0000,-20.0000,1.33916468e-003
5350.0000,50.0000,-20.0000,2.36172462e-003
5450.0000,50.0000,-20.0000,3.79245752e-003
5550.0000,50.0000,-20.0000,5.68102300e-003
5650.0000,50.0000,-20.0000,8.07216950e-003
5750.0000,50.0000,-20.0000,1.10064019e-002
5850.0000,50.0000,-20.0000,1.45224277e-002
5950.0000,50.0000,-20.0000,1.86596084e-002
6050.0000,50.0000,-20.0000,2.34738719e-002
6150.0000,50.0000,-20.0000,2.90015955e-002
6250.0000,50.0000,-20.0000,3.54657322e-002
6350.0000,50.0000,-20.0000,4.25783210e-002
6450.0000,50.0000,-20.0000,5.20108379e-002
6550.0000,50.0000,-20.0000,6.38369098e-002
6650.0000,50.0000,-20.0000,6.40950575e-002
6750.0000,50.0000,-20.0000,5.51091433e-001
6850.0000,50.0000,-20.0000,2.55635023e+000
6950.0000,50.0000,-20.0000,6.54930305e+000
7050.0000,50.0000,-20.0000,1.68439045e+001
7150.0000,50.0000,-20.0000,3.26717949e+001
7250.0000,50.0000,-20.0000,3.49677238e+001
7350.0000,50.0000,-20.0000,3.49196320e+001
7450.0000,50.0000,-20.0000,3.49339523e+001
7550.0000,50.0000,-20.0000,3.49500313e+001
50.0000,50.0000,-25.0000,0.00000000e+000
150.0000,50.0000,-25.0000,0.00000000e+000
250.0000,50.0000,-25.0000,0.00000000e+000
350.0000,50.0000,-25.0000,0.00000000e+000
450.0000,50.0000,-25.0000,0.00000000e+000
550.0000,50.0000,-25.0000,0.00000000e+000
650.0000,50.0000,-25.0000,0.00000000e+000
750.0000,50.0000,-25.0000,0.00000000e+000
850.0000,50.0000,-25.0000,0.00000000e+000
950.0000,50.0000,-25.0000,0.00000000e+000
1050.0000,50.0000,-25.0000,0.00000000e+000
1150.0000,50.0000,-25.0000,0.00000000e+000
1250.0000,50.0000,-25.0000,0.00000000e+000
1350.0000,50.0000,-25.0000,0.00000000e+000
1450.0000,50.0000,-25.0000,0.00000000e+000
1550.0000,50.0000,-25.0000,0.00000000e+000
1650.0000,50.0000,-25.0000,0.00000000e+000
1750.0000,50.0000,-25.0000,0.00000000e+000
1850.0000,50.0000,-25.0000,0.00000000e+000
1950.0000,50.0000,-25.0000,0.00000000e+000
2050.0000,50.0000,-25.0000,0.00000000e+000
2150.0000,50.0000,-25.0000,0.00000000e+000
2250.0000,50.0000,-25.0000,0.00000000e+000
2350.0000,50.0000,-25.0000,0.00000000e+000
2450.0000,50.0000,-25.0000,0.00000000e+000
2550.0000,50.0000,-25.0000,0.00000000e+000
2650.0000,50.0000,-25.0000,0.00000000e+000
2750.0000,50.0000,-25.0000,0.00000000e+000
2850.0000,50.0000,-25.0000,0.00000000e+000
2950.0000,50.0000,-25.0000,0.00000000e+000
3050.0000,50.0000,-25.0000,0.00000000e+000
3150.0000,50.0000,-25.0000,0.00000000e+000
3250.0000,50.0000,-25.0000,0.00000000e+000
3350.0000,50.0000,-25.0000,0.00000000e+000
3450.0000,50.0000,-25.0000,0.00000000e+000
3550.0000,50.0000,-25.0000,0.00000000e+000
3650.0000,50.0000,-25.0000,0.00000000e+000
3750.0000,50.0000,-25.0000,4.22614218e-037
3850.0000,50.0000,-25.0000,4.02395456e-034
3950.0000,50.0000,-25.0000,3.63472234e-031
4050.0000,50.0000,-25.0000,3.12160648e-028
4150.0000,50.0000,-25.0000,2.55479482e-025
4250.0000,50.0000,-25.0000,1.99682240e-022
4350.0000,50.0000,-25.0000,1.49308298e-019
4450.0000,50.0000,-25.0000,1.07196413e-016
4550.0000,50.0000,-25.0000,7.50236055e-014
4650.0000,50.0000,-25.0000,4.54107481e-011
4750.0000,50.0000,-25.0000,2.29114736e-008
4850.0000,50.0000,-25.0000,2.00268059e-005
4950.0000,50.0000,-25.0000,1.39850978e-004
5050.0000,50.0000,-25.0000,4.50389693e-004
5150.0000,50.0000,-25.0000,1.04154926e-003
5250.0000,50.0000,-25.0000,2.00225669e-003
5350.0000,50.0000,-25.0000,3.40545271e-003
5450.0000,50.0000,-25.0000,5.30693075e-003
5550.0000,50.0000,-25.0000,7.75119197e-003
5650.0000,50.0000,-25.0000,1.07789179e-002
5750.0000,50.0000,-25.0000,1.44265182e-002
5850.0000,50.0000,-25.0000,1.87297501e-002
5950.0000,50.0000,-25.0000,2.37278733e-002
6050.0000,50.0000,-25.0000,2.94817910e-002
6150.0000,50.0000,-25.0000,3.60310562e-002
6250.0000,50.0000,-25.0000,4.36570197e-002
6350.0000,50.0000,-25.0000,5.18998653e-002
6450.0000,50.0000,-25.0000,6.36245310e-002
6550.0000,50.0000,-25.0000,7.51571208e-002
6650.0000,50.0000,-25.0000,7.55188465e-002
6750.0000,50.0000,-25.0000,1.09178698e+000
6850.0000,50.0000,-25.0000,4.25647497e+000
6950.0000,50.0000,-25.0000,1.04213095e+001
7050.0000,50.0000,-25.0000,2.35022430e+001
7150.0000,50.0000,-25.0000,3.40862274e+001
7250.0000,50.0000,-25.0000,3.48892326e+001
7350.0000,50.0000,-25.0000,3.48356972e+001
7450.0000,50.0000,-25.0000,3.48602905e+001
7550.0000,50.0000,-25.0000,3.49008751e+001
7650.0000,50.0000,-25.0000,3.49303894e+001
7750.0000,50.0000,-25.0000,3.24326820e+001
50.0000,50.0000,-30.0000,0.00000000e+000
150.0000,50.0000,-30.0000,0.00000000e+000
250.0000,50.0000,-30.0000,0.00000000e+000
350.0000,50.0000,-30.0000,0.00000000e+000
450.0000,50.0000,-30.0000,0.00000000e+000
550.0000,50.0000,-30.0000,0.00000000e+000
650.0000,50.0000,-30.0000,0.00000000e+000
750.0000,50.0000,-30.0000,0.00000000e+000
850.0000,50.0000,-30.0000,0.00000000e+000
950.0000,50.0000,-30.0000,0.00000000e+000
1050.0000,50.0000,-30.0000,0.00000000e+000
1150.0000,50.0000,-30.0000,0.00000000e+000
1250.0000,50.0000,-30.0000,0.00000000e+000
1350.0000,50.0000,-30.0000,0.00000000e+000
1450.0000,50.0000,-30.0000,0.00000000e+000
1550.0000,50.0000,-30.0000,0.00000000e+000
1650.0000,50.0000,-30.0000,0.00000000e+000
1750.0000,50.0000,-30.0000,0.00000000e+000
1850.0000,50.0000,-30.0000,0.00000000e+000
1950.0000,50.0000,-30.0000,0.00000000e+000
2050.0000,50.0000,-30.0000,0.00000000e+000
2150.0000,50.0000,-30.0000,0.00000000e+000
2250.0000,50.0000,-30.0000,0.00000000e+000
2350.0000,50.0000,-30.0000,0.00000000e+000
2450.0000,50.0000,-30.0000,0.00000000e+000
2550.0000,50.0000,-30.0000,0.00000000e+000
2650.0000,50.0000,-30.0000,0.00000000e+000
2750.0000,50.0000,-30.0000,0.00000000e+000
2850.0000,50.0000,-30.0000,0.00000000e+000
2950.0000,50.0000,-30.0000,0.00000000e+000
3050.0000,50.0000,-30.0000,0.00000000e+000
3150.0000,50.0000,-30.0000,0.00000000e+000
3250.0000,50.0000,-30.0000,0.00000000e+000
3350.0000,50.0000,-30.0000,0.00000000e+000
3450.0000,50.0000,-30.0000,0.00000000e+000
3550.0000,50.0000,-30.0000,0.00000000e+000
3650.0000,50.0000,-30.0000,0.00000000e+000
3750.0000,50.0000,-30.0000,2.34513670e-036
3850.0000,50.0000,-30.0000,2.19898975e-033
3950.0000,50.0000,-30.0000,1.95841722e-030
4050.0000,50.0000,-30.0000,1.66019360e-027
4150.0000,50.0000,-30.0000,1.34441679e-024
4250.0000,50.0000,-30.0000,1.04829391e-021
4350.0000,50.0000,-30.0000,7.97828626e-019
4450.0000,50.0000,-30.0000,6.09546191e-016
4550.0000,50.0000,-30.0000,4.98997111e-013
4650.0000,50.0000,-30.0000,4.82353657e-010
4750.0000,50.0000,-30.0000,1.94391063e-007
4850.0000,50.0000,-30.0000,4.45085643e-005
4950.0000,50.0000,-30.0000,2.50970916e-004
5050.0000,50.0000,-30.0000,7.38494506e-004
5150.0000,50.0000,-30.0000,1.61133823e-003
5250.0000,50.0000,-30.0000,2.96887360e-003
5350.0000,50.0000,-30.0000,4.88159526e-003
5450.0000,50.0000,-30.0000,7.39744073e-003
5550.0000,50.0000,-30.0000,1.05531737e-002
5650.0000,50.0000,-30.0000,1.43843591e-002
5750.0000,50.0000,-30.0000,1.89219881e-002
5850.0000,50.0000,-30.0000,2.41985172e-002
5950.0000,50.0000,-30.0000,3.02543174e-002
6050.0000,50.0000,-30.0000,3.71574499e-002
6150.0000,50.0000,-30.0000,4.49551679e-002
6250.0000,50.0000,-30.0000,5.39974682e-002
6350.0000,50.0000,-30.0000,6.36411607e-002
6450.0000,50.0000,-30.0000,7.83318803e-002
6550.0000,50.0000,-30.0000,8.82156268e-002
6650.0000,50.0000,-30.0000,8.87900814e-002
6750.0000,50.0000,-30.0000,2.11896896e+000
6850.0000,50.0000,-30.0000,7.07716560e+000
6950.0000,50.0000,-30.0000,1.67658825e+001
7050.0000,50.0000,-30.0000,3.12810268e+001
7150.0000,50.0000,-30.0000,3.44939651e+001
7250.0000,50.0000,-30.0000,3.47674446e+001
7350.0000,50.0000,-30.0000,3.47158318e+001
7450.0000,50.0000,-30.0000,3.47458267e+001
7550.0000,50.0000,-30.0000,3.47900124e+001
7650.0000,50.0000,-30.0000,3.47727547e+001
7750.0000,50.0000,-30.0000,3.24394150e+001
7850.0000,50.0000,-30.0000,3.39583397e+001
50.0000,50.0000,-35.0000,0.00000000e+000
150.0000,50.0000,-35.0000,0.00000000e+000
250.0000,50.0000,-35.0000,0.00000000e+000
350.0000,50.0000,-35.0000,0.00000000e+000
450.0000,50.0000,-35.0000,0.00000000e+000
550.0000,50.0000,-35.0000,0.00000000e+000
650.0000,50.0000,-35.0000,0.00000000e+000
750.0000,50.0000,-35.0000,0.00000000e+000
850.0000,50.0000,-35.0000,0.00000000e+000
950.0000,50.0000,-35.0000,0.00000000e+000
1050.0000,50.0000,-35.0000,0.00000000e+000
1150.0000,50.0000,-35.0000,0.00000000e+000
1250.0000,50.0000,-35.0000,0.00000000e+000
1350.0000,50.0000,-35.0000,0.00000000e+000
1450.0000,50.0000,-35.0000,0.00000000e+000
1550.0000,50.0000,-35.0000,0.00000000e+000
1650.0000,50.0000,-35.0000,0.00000000e+000
1750.0000,50.0000,-35.0000,0.00000000e+000
1850.0000,50.0000,-35.0000,0.00000000e+000
1950.0000,50.0000,-35.0000,0.00000000e+000
2050.0000,50.0000,-35.0000,0.00000000e+000
2150.0000,50.0000,-35.0000,0.00000000e+000
2250.0000,50.0000,-35.0000,0.00000000e+000
2350.0000,50.0000,-35.0000,0.00000000e+000
2450.0000,50.0000,-35.0000,0.00000000e+000
2550.0000,50.0000,-35.0000,0.00000000e+000
2650.0000,50.0000,-35.0000,0.00000000e+000
2750.0000,50.0000,-35.0000,0.00000000e+000
2850.0000,50.0000,-35.0000,0.00000000e+000
2950.0000,50.0000,-35.0000,0.00000000e+000
3050.0000,50.0000,-35.0000,0.00000000e+000
3150.0000,50.0000,-35.0000,0.00000000e+000
3250.0000,50.0000,-35.0000,0.00000000e+000
3350.0000,50.0000,-35.0000,0.00000000e+000
3450.0000,50.0000,-35.0000,0.00000000e+000
3550.0000,50.0000,-35.0000,0.00000000e+000
3650.0000,50.0000,-35.0000,1.42145712e-038
3750.0000,50.0000,-35.0000,1.38262816e-035
3850.0000,50.0000,-35.0000,1.26654961e-032
3950.0000,50.0000,-35.0000,1.10322661e-029
4050.0000,50.0000,-35.0000,9.12438585e-027
4150.0000,50.0000,-35.0000,7.10378238e-024
4250.0000,50.0000,-35.0000,5.21377231e-021
4350.0000,50.0000,-35.0000,3.63842961e-018
4450.0000,50.0000,-35.0000,2.51439147e-015
4550.0000,50.0000,-35.0000,1.97902480e-012
4650.0000,50.0000,-35.0000,2.28013097e-009
4750.0000,50.0000,-35.0000,2.77142863e-006
4850.0000,50.0000,-35.0000,9.19387239e-005
4950.0000,50.0000,-35.0000,4.39579278e-004
5050.0000,50.0000,-35.0000,1.19013304e-003
5150.0000,50.0000,-35.0000,2.45844549e-003
5250.0000,50.0000,-35.0000,4.35213093e-003
5350.0000,50.0000,-35.0000,6.93104090e-003
5450.0000,50.0000,-35.0000,1.02300616e-002
5550.0000,50.0000,-35.0000,1.42760333e-002
5650.0000,50.0000,-35.0000,1.90989655e-002
5750.0000,50.0000,-35.0000,2.47230604e-002
5850.0000,50.0000,-35.0000,3.11778821e-002
5950.0000,50.0000,-35.0000,3.85074057e-002
6050.0000,50.0000,-35.0000,4.67902794e-002
6150.0000,50.0000,-35.0000,5.60893528e-002
6250.0000,50.0000,-35.0000,6.68344125e-002
6350.0000,50.0000,-35.0000,7.82261193e-002
6450.0000,50.0000,-35.0000,9.66689661e-002
6550.0000,50.0000,-35.0000,1.02795467e-001
6650.0000,50.0000,-35.0000,1.09203853e-001
6750.0000,50.0000,-35.0000,4.13044262e+000
6850.0000,50.0000,-35.0000,1.24123325e+001
6950.0000,50.0000,-35.0000,2.77383690e+001
7050.0000,50.0000,-35.0000,3.29600563e+001
7150.0000,50.0000,-35.0000,3.45432014e+001
7250.0000,50.0000,-35.0000,3.46181717e+001
7350.0000,50.0000,-35.0000,3.45561829e+001
7450.0000,50.0000,-35.0000,3.45710106e+001
7550.0000,50.0000,-35.0000,3.46051407e+001
7650.0000,50.0000,-35.0000,3.45415497e+001
7750.0000,50.0000,-35.0000,3.22730064e+001
7850.0000,50.0000,-35.0000,3.37185059e+001
7950.0000,50.0000,-35.0000,3.38864670e+001
50.0000,50.0000,-40.0000,0.00000000e+000
150.0000,50.0000,-40.0000,0.00000000e+000
250.0000,50.0000,-40.0000,0.00000000e+000
350.0000,50.0000,-40.0000,0.00000000e+000
450.0000,50.0000,-40.0000,0.00000000e+000
550.0000,50.0000,-40.0000,0.00000000e+000
650.0000,50.0000,-40.0000,0.00000000e+000
750.0000,50.0000,-40.0000,0.00000000e+000
850.0000,50.0000,-40.0000,0.00000000e+000
950.0000,50.0000,-40.0000,0.00000000e+000
1050.0000,50.0000,-40.0000,0.00000000e+000
1150.0000,50.0000,-40.0000,0.00000000e+000
1250.0000,50.0000,-40.0000,0.00000000e+000
1350.0000,50.0000,-40.0000,0.00000000e+000
1450.0000,50.0000,-40.0000,0.00000000e+000
1550.0000,50.0000,-40.0000,0.00000000e+000
1650.0000,50.0000,-40.0000,0.00000000e+000
1750.0000,50.0000,-40.0000,0.00000000e+000
1850.0000,50.0000,-40.0000,0.00000000e+000
1950.0000,50.0000,-40.0000,0.00000000e+000
2050.0000,50.0000,-40.0000,0.00000000e+000
2150.0000,50.0000,-40.0000,0.00000000e+000
2250.0000,50.0000,-40.0000,0.00000000e+000
2350.0000,50.0000,-40.0000,0.00000000e+000
2450.0000,50.0000,-40.0000,0.00000000e+000
2550.0000,50.0000,-40.0000,0.00000000e+000
2650.0000,50.0000,-40.0000,0.00000000e+000
2750.0000,50.0000,-40.0000,0.00000000e+000
2850.0000,50.0000,-40.0000,0.00000000e+000
2950.0000,50.0000,-40.0000,0.00000000e+000
3050.0000,50.0000,-40.0000,0.00000000e+000
3150.0000,50.0000,-40.0000,0.00000000e+000
3250.0000,50.0000,-40.0000,0.00000000e+000
3350.0000,50.0000,-40.0000,0.00000000e+000
3450.0000,50.0000,-40.0000,0.00000000e+000
3550.0000,50.0000,-40.0000,0.00000000e+000
3650.0000,50.0000,-40.0000,9.32297601e-038
3750.0000,50.0000,-40.0000,9.01761206e-035
3850.0000,50.0000,-40.0000,8.03858050e-032
3950.0000,50.0000,-40.0000,6.88426487e-029
4050.0000,50.0000,-40.0000,5.79130339e-026
4150.0000,50.0000,-40.0000,4.59172299e-023
4250.0000,50.0000,-40.0000,3.41151774e-020
4350.0000,50.0000,-40.0000,2.34128129e-017
4450.0000,50.0000,-40.0000,1.44901113e-014
4550.0000,50.0000,-40.0000,8.45067332e-012
4650.0000,50.0000,-40.0000,6.82230805e-009
4750.0000,50.0000,-40.0000,1.12646967e-005
4850.0000,50.0000,-40.0000,1.80945397e-004
4950.0000,50.0000,-40.0000,7.52592692e-004
5050.0000,50.0000,-40.0000,1.88454951e-003
5150.0000,50.0000,-40.0000,3.69596062e-003
5250.0000,50.0000,-40.0000,6.29935879e-003
5350.0000,50.0000,-40.0000,9.73119959e-003
5450.0000,50.0000,-40.0000,1.40085118e-002
5550.0000,50.0000,-40.0000,1.91471614e-002
5650.0000,50.0000,-40.0000,2.51720455e-002
5750.0000,50.0000,-40.0000,3.20990123e-002
5850.0000,50.0000,-40.0000,3.99565436e-002
5950.0000,50.0000,-40.0000,4.87965904e-002
6050.0000,50.0000,-40.0000,5.87136447e-002
6150.0000,50.0000,-40.0000,6.97991028e-002
6250.0000,50.0000,-40.0000,8.25770348e-002
6350.0000,50.0000,-40.0000,9.61844996e-002
6450.0000,50.0000,-40.0000,1.19281337e-001
6550.0000,50.0000,-40.0000,1.19762026e-001
6650.0000,50.0000,-40.0000,2.76983827e-001
6750.0000,50.0000,-40.0000,8.51370430e+000
6850.0000,50.0000,-40.0000,2.51195641e+001
6950.0000,50.0000,-40.0000,3.05917912e+001
7050.0000,50.0000,-40.0000,3.36209831e+001
7150.0000,50.0000,-40.0000,3.44522171e+001
7250.0000,50.0000,-40.0000,3.44534340e+001
7350.0000,50.0000,-40.0000,3.43603325e+001
7450.0000,50.0000,-40.0000,3.43337746e+001
7550.0000,50.0000,-40.0000,3.43142128e+001
7650.0000,50.0000,-40.0000,3.42888069e+001
7750.0000,50.0000,-40.0000,3.20288544e+001
7850.0000,50.0000,-40.0000,3.34467621e+001
7950.0000,50.0000,-40.0000,3.34779663e+001
8050.0000,50.0000,-40.0000,3.35648537e+001
50.0000,50.0000,-45.0000,0.00000000e+000
150.0000,50.0000,-45.0000,0.00000000e+000
250.0000,50.0000,-45.0000,0.00000000e+000
350.0000,50.0000,-45.0000,0.00000000e+000
450.0000,50.0000,-45.0000,0.00000000e+000
550.0000,50.0000,-45.0000,0.00000000e+000
650.0000,50.0000,-45.0000,0.00000000e+000
750.0000,50.0000,-45.0000,0.00000000e+000
850.0000,50.0000,-45.0000,0.00000000e+000
950.0000,50.0000,-45.0000,0.00000000e+000
1050.0000,50.0000,-45.0000,0.00000000e+000
1150.0000,50.0000,-45.0000,0.00000000e+000
1250.0000,50.0000,-45.0000,0.00000000e+000
1350.0000,50.0000,-45.0000,0.00000000e+000
1450.0000,50.0000,-45.0000,0.00000000e+000
1550.0000,50.0000,-45.0000,0.00000000e+000
1650.0000,50.0000,-45.0000,0.00000000e+000
1750.0000,50.0000,-45.0000,0.00000000e+000
1850.0000,50.0000,-45.0000,0.00000000e+000
1950.0000,50.0000,-45.0000,0.00000000e+000
2050.0000,50.0000,-45.0000,0.00000000e+000
2150.0000,50.0000,-45.0000,0.00000000e+000
2250.0000,50.0000,-45.0000,0.00000000e+000
2350.0000,50.0000,-45.0000,0.00000000e+000
2450.0000,50.0000,-45.0000,0.00000000e+000
2550.0000,50.0000,-45.0000,0.00000000e+000
2650.0000,50.0000,-45.0000,0.00000000e+000
2750.0000,50.0000,-45.0000,0.00000000e+000
2850.0000,50.0000,-45.0000,0.00000000e+000
2950.0000,50.0000,-45.0000,0.00000000e+000
3050.0000,50.0000,-45.0000,0.00000000e+000
3150.0000,50.0000,-45.0000,0.00000000e+000
3250.0000,50.0000,-45.0000,0.00000000e+000
3350.0000,50.0000,-45.0000,0.00000000e+000
3450.0000,50.0000,-45.0000,0.00000000e+000
3550.0000,50.0000,-45.0000,0.00000000e+000
3650.0000,50.0000,-45.0000,7.13363785e-037
3750.0000,50.0000,-45.0000,7.17552563e-034
3850.0000,50.0000,-45.0000,6.09838100e-031
3950.0000,50.0000,-45.0000,4.74325056e-028
4050.0000,50.0000,-45.0000,4.07995803e-025
4150.0000,50.0000,-45.0000,3.37141480e-022
4250.0000,50.0000,-45.0000,2.68587897e-019
4350.0000,50.0000,-45.0000,2.06078590e-016
4450.0000,50.0000,-45.0000,1.40239234e-013
4550.0000,50.0000,-45.0000,8.03626193e-011
4650.0000,50.0000,-45.0000,1.69389871e-008
4750.0000,50.0000,-45.0000,3.28266251e-005
4850.0000,50.0000,-45.0000,3.43011663e-004
4950.0000,50.0000,-45.0000,1.26087770e-003
5050.0000,50.0000,-45.0000,2.93191057e-003
5150.0000,50.0000,-45.0000,5.47330920e-003
5250.0000,50.0000,-45.0000,8.99806526e-003
5350.0000,50.0000,-45.0000,1.35001754e-002
5450.0000,50.0000,-45.0000,1.89769585e-002
5550.0000,50.0000,-45.0000,2.54340768e-002
5650.0000,50.0000,-45.0000,3.28927636e-002
5750.0000,50.0000,-45.0000,4.13584858e-002
5850.0000,50.0000,-45.0000,5.08629903e-002
5950.0000,50.0000,-45.0000,6.14730567e-002
6050.0000,50.0000,-45.0000,7.33068660e-002
6150.0000,50.0000,-45.0000,8.65093917e-002
6250.0000,50.0000,-45.0000,1.01726741e-001
6350.0000,50.0000,-45.0000,1.18228786e-001
6450.0000,50.0000,-45.0000,1.46301523e-001
6550.0000,50.0000,-45.0000,1.47978202e-001
6650.0000,50.0000,-45.0000,1.05738091e+000
6750.0000,50.0000,-45.0000,1.58768110e+001
6850.0000,50.0000,-45.0000,2.72288914e+001
6950.0000,50.0000,-45.0000,3.13789787e+001
7050.0000,50.0000,-45.0000,3.38304138e+001
7150.0000,50.0000,-45.0000,3.43226891e+001
7250.0000,50.0000,-45.0000,3.42837029e+001
7350.0000,50.0000,-45.0000,3.41507683e+001
7450.0000,50.0000,-45.0000,3.40542412e+001
7550.0000,50.0000,-45.0000,3.38838959e+001
7650.0000,50.0000,-45.0000,3.34364548e+001
7750.0000,50.0000,-45.0000,3.15240173e+001
7850.0000,50.0000,-45.0000,3.31332207e+001
7950.0000,50.0000,-45.0000,3.31336670e+001
8050.0000,50.0000,-45.0000,3.32139587e+001
8150.0000,50.0000,-45.0000,3.35995102e+001
50.0000,50.0000,-50.0000,0.00000000e+000
150.0000,50.0000,-50.0000,0.00000000e+000
250.0000,50.0000,-50.0000,0.00000000e+000
350.0000,50.0000,-50.0000,0.00000000e+000
450.0000,50.0000,-50.0000,0.00000000e+000
550.0000,50.0000,-50.0000,0.00000000e+000
650.0000,50.0000,-50.0000,0.00000000e+000
750.0000,50.0000,-50.0000,0.00000000e+000
850.0000,50.0000,-50.0000,0.00000000e+000
950.0000,50.0000,-50.0000,0.00000000e+000
1050.0000,50.0000,-50.0000,0.00000000e+000
1150.0000,50.0000,-50.0000,0.00000000e+000
1250.0000,50.0000,-50.0000,0.00000000e+000
1350.0000,50.0000,-50.0000,0.00000000e+000
1450.0000,50.0000,-50.0000,0.00000000e+000
1550.0000,50.0000,-50.0000,0.00000000e+000
1650.0000,50.0000,-50.0000,0.00000000e+000
1750.0000,50.0000,-50.0000,0.00000000e+000
1850.0000,50.0000,-50.0000,0.00000000e+000
1950.0000,50.0000,-50.0000,0.00000000e+000
2050.0000,50.0000,-50.0000,0.00000000e+000
2150.0000,50.0000,-50.0000,0.00000000e+000
2250.0000,50.0000,-50.0000,0.00000000e+000
2350.0000,50.0000,-50.0000,0.00000000e+000
2450.0000,50.0000,-50.0000,0.00000000e+000
2550.0000,50.0000,-50.0000,0.00000000e+000
2650.0000,50.0000,-50.0000,0.00000000e+000
2750.0000,50.0000,-50.0000,0.00000000e+000
2850.0000,50.0000,-50.0000,0.00000000e+000
2950.0000,50.0000,-50.0000,0.00000000e+000
3050.0000,50.0000,-50.0000,0.00000000e+000
3150.0000,50.0000,-50.0000,0.00000000e+000
3250.0000,50.0000,-50.0000,0.00000000e+000
3350.0000,50.0000,-50.0000,0.00000000e+000
3450.0000,50.0000,-50.0000,0.00000000e+000
3550.0000,50.0000,-50.0000,0.00000000e+000
3650.0000,50.0000,-50.0000,1.97621550e-035
3750.0000,50.0000,-50.0000,2.10629794e-032
3850.0000,50.0000,-50.0000,1.80492031e-029
3950.0000,50.0000,-50.0000,1.28797813e-026
4050.0000,50.0000,-50.0000,1.09581221e-023
4150.0000,50.0000,-50.0000,8.94141287e-021
4250.0000,50.0000,-50.0000,7.02911615e-018
4350.0000,50.0000,-50.0000,5.46983342e-015
4450.0000,50.0000,-50.0000,3.79592234e-012
4550.0000,50.0000,-50.0000,2.42690401e-009
4650.0000,50.0000,-50.0000,1.50482947e-007
4750.0000,50.0000,-50.0000,1.30845525e-004
4850.0000,50.0000,-50.0000,9.16693767e-004
4950.0000,50.0000,-50.0000,2.87774857e-003
5050.0000,50.0000,-50.0000,6.03336189e-003
5150.0000,50.0000,-50.0000,1.04979575e-002
5250.0000,50.0000,-50.0000,1.63718779e-002
5350.0000,50.0000,-50.0000,2.35088933e-002
5450.0000,50.0000,-50.0000,3.18788514e-002
5550.0000,50.0000,-50.0000,4.14722301e-002
5650.0000,50.0000,-50.0000,5.23075946e-002
5750.0000,50.0000,-50.0000,6.43638298e-002
5850.0000,50.0000,-50.0000,7.76966140e-002
5950.0000,50.0000,-50.0000,9.24220532e-002
6050.0000,50.0000,-50.0000,1.08729504e-001
6150.0000,50.0000,-50.0000,1.26925558e-001
6250.0000,50.0000,-50.0000,1.47969171e-001
6350.0000,50.0000,-50.0000,1.71898648e-001
6450.0000,50.0000,-50.0000,2.11034968e-001
6550.0000,50.0000,-50.0000,2.38769829e-001
6650.0000,50.0000,-50.0000,1.33726406e+000
6750.0000,50.0000,-50.0000,1.56916475e+001
6850.0000,50.0000,-50.0000,2.70336628e+001
6950.0000,50.0000,-50.0000,3.11840363e+001
7050.0000,50.0000,-50.0000,3.36254005e+001
7150.0000,50.0000,-50.0000,3.40858498e+001
7250.0000,50.0000,-50.0000,3.39861946e+001
7350.0000,50.0000,-50.0000,3.37603035e+001
7450.0000,50.0000,-50.0000,3.35052223e+001
7550.0000,50.0000,-50.0000,3.29048080e+001
7650.0000,50.0000,-50.0000,2.45889702e+001
7750.0000,50.0000,-50.0000,2.78394966e+001
7850.0000,50.0000,-50.0000,3.24095535e+001
7950.0000,50.0000,-50.0000,3.24171066e+001
8050.0000,50.0000,-50.0000,3.24942131e+001
8150.0000,50.0000,-50.0000,3.23529434e+001
8250.0000,50.0000,-50.0000,3.16154442e+001
8350.0000,50.0000,-50.0000,3.23913651e+001
50.0000,50.0000,-55.0000,0.00000000e+000
150.0000,50.0000,-55.0000,0.00000000e+000
250.0000,50.0000,-55.0000,0.00000000e+000
350.0000,50.0000,-55.0000,0.00000000e+000
450.0000,50.0000,-55.0000,0.00000000e+000
550.0000,50.0000,-55.0000,0.00000000e+000
650.0000,50.0000,-55.0000,0.00000000e+000
750.0000,50.0000,-55.0000,0.00000000e+000
850.0000,50.0000,-55.0000,0.00000000e+000
950.0000,50.0000,-55.0000,0.00000000e+000
1050.0000,50.0000,-55.0000,0.00000000e+000
1150.0000,50.0000,-55.0000,0.00000000e+000
1250.0000,50.0000,-55.0000,0.00000000e+000
1350.0000,50.0000,-55.0000,0.00000000e+000
1450.0000,50.0000,-55.0000,0.00000000e+000
1550.0000,50.0000,-55.0000,0.00000000e+000
1650.0000,50.0000,-55.0000,0.00000000e+000
1750.0000,50.0000,-55.0000,0.00000000e+000
1850.0000,50.0000,-55.0000,0.00000000e+000
1950.0000,50.0000,-55.0000,0.00000000e+000
2050.0000,50.0000,-55.0000,0.00000000e+000
2150.0000,50.0000,-55.0000,0.00000000e+000
2250.0000,50.0000,-55.0000,0.00000000e+000
2350.0000,50.0000,-55.0000,0.00000000e+000
2450.0000,50.0000,-55.0000,0.00000000e+000
2550.0000,50.0000,-55.0000,0.00000000e+000
2650.0000,50.0000,-55.0000,0.00000000e+000
2750.0000,50.0000,-55.0000,0.00000000e+000
2850.0000,50.0000,-55.0000,0.00000000e+000
2950.0000,50.0000,-55.0000,0.00000000e+000
3050.0000,50.0000,-55.0000,0.00000000e+000
3150.0000,50.0000,-55.0000,0.00000000e+000
3250.0000,50.0000,-55.0000,0.00000000e+000
3350.0000,50.0000,-55.0000,0.00000000e+000
3450.0000,50.0000,-55.0000,0.00000000e+000
3550.0000,50.0000,-55.0000,8.27973695e-036
3650.0000,50.0000,-55.0000,6.91745879e-033
3750.0000,50.0000,-55.0000,5.00174990e-030
3850.0000,50.0000,-55.0000,3.30977917e-027
3950.0000,50.0000,-55.0000,2.06169310e-024
4050.0000,50.0000,-55.0000,1.48965393e-021
4150.0000,50.0000,-55.0000,1.05841151e-018
4250.0000,50.0000,-55.0000,7.31992585e-016
4350.0000,50.0000,-55.0000,4.79262680e-013
4450.0000,50.0000,-55.0000,2.85235835e-010
4550.0000,50.0000,-55.0000,1.59034471e-007
4650.0000,50.0000,-55.0000,8.75207024e-006
4750.0000,50.0000,-55.0000,7.14310165e-003
4850.0000,50.0000,-55.0000,5.02597317e-002
4950.0000,50.0000,-55.0000,1.36465862e-001
5050.0000,50.0000,-55.0000,2.52844393e-001
5150.0000,50.0000,-55.0000,3.96833211e-001
5250.0000,50.0000,-55.0000,5.65407157e-001
5350.0000,50.0000,-55.0000,7.46360302e-001
5450.0000,50.0000,-55.0000,9.36708093e-001
5550.0000,50.0000,-55.0000,1.13461709e+000
5650.0000,50.0000,-55.0000,1.33909285e+000
5750.0000,50.0000,-55.0000,1.54727936e+000
5850.0000,50.0000,-55.0000,1.75954580e+000
5950.0000,50.0000,-55.0000,1.97725391e+000
6050.0000,50.0000,-55.0000,2.20099902e+000
6150.0000,50.0000,-55.0000,2.43235016e+000
6250.0000,50.0000,-55.0000,2.67259502e+000
6350.0000,50.0000,-55.0000,2.92236710e+000
6450.0000,50.0000,-55.0000,3.18850589e+000
6550.0000,50.0000,-55.0000,3.45707297e+000
6650.0000,50.0000,-55.0000,4.29996204e+000
6750.0000,50.0000,-55.0000,1.23164778e+001
6850.0000,50.0000,-55.0000,1.87684097e+001
6950.0000,50.0000,-55.0000,2.12555389e+001
7050.0000,50.0000,-55.0000,2.27758732e+001
7150.0000,50.0000,-55.0000,2.32161198e+001
7250.0000,50.0000,-55.0000,2.33519287e+001
7350.0000,50.0000,-55.0000,2.34182396e+001
7450.0000,50.0000,-55.0000,2.34746399e+001
7550.0000,50.0000,-55.0000,2.33678188e+001
7650.0000,50.0000,-55.0000,1.97677174e+001
7750.0000,50.0000,-55.0000,2.06678734e+001
7850.0000,50.0000,-55.0000,2.36412621e+001
7950.0000,50.0000,-55.0000,2.40042362e+001
8050.0000,50.0000,-55.0000,2.41812477e+001
8150.0000,50.0000,-55.0000,2.46890011e+001
8250.0000,50.0000,-55.0000,2.95262451e+001
8350.0000,50.0000,-55.0000,3.04412899e+001
8450.0000,50.0000,-55.0000,2.89565887e+001
50.0000,50.0000,-60.0000,0.00000000e+000
150.0000,50.0000,-60.0000,0.00000000e+000
250.0000,50.0000,-60.0000,0.00000000e+000
350.0000,50.0000,-60.0000,0.00000000e+000
450.0000,50.0000,-60.0000,0.00000000e+000
550.0000,50.0000,-60.0000,0.00000000e+000
650.0000,50.0000,-60.0000,0.00000000e+000
750.0000,50.0000,-60.0000,0.00000000e+000
850.0000,50.0000,-60.0000,0.00000000e+000
950.0000,50.0000,-60.0000,0.00000000e+000
1050.0000,50.0000,-60.0000,0.00000000e+000
1150.0000,50.0000,-60.0000,0.00000000e+000
1250.0000,50.0000,-60.0000,0.00000000e+000
1350.0000,50.0000,-60.0000,0.00000000e+000
1450.0000,50.0000,-60.0000,0.00000000e+000
1550.0000,50.0000,-60.0000,0.00000000e+000
1650.0000,50.0000,-60.0000,0.00000000e+000
1750.0000,50.0000,-60.0000,0.00000000e+000
1850.0000,50.0000,-60.0000,0.00000000e+000
1950.0000,50.0000,-60.0000,0.00000000e+000
2050.0000,50.0000,-60.0000,0.00000000e+000
2150.0000,50.0000,-60.0000,0.00000000e+000
2250.0000,50.0000,-60.0000,0.00000000e+000
2350.0000,50.0000,-60.0000,0.00000000e+000
2450.0000,50.0000,-60.0000,0.00000000e+000
2550.0000,50.0000,-60.0000,0.00000000e+000
2650.0000,50.0000,-60.0000,0.00000000e+000
2750.0000,50.0000,-60.0000,0.00000000e+000
2850.0000,50.0000,-60.0000,0.00000000e+000
2950.0000,50.0000,-60.0000,0.00000000e+000
3050.0000,50.0000,-60.0000,0.00000000e+000
3150.0000,50.0000,-60.0000,0.00000000e+000
3250.0000,50.0000,-60.0000,0.00000000e+000
3350.0000,50.0000,-60.0000,0.00000000e+000
3450.0000,50.0000,-60.0000,2.31122616e-038
3550.0000,50.0000,-60.0000,1.79220285e-035
3650.0000,50.0000,-60.0000,1.12411136e-032
3750.0000,50.0000,-60.0000,6.77547797e-030
3850.0000,50.0000,-60.0000,3.98756361e-027
3950.0000,50.0000,-60.0000,2.37126283e-024
4050.0000,50.0000,-60.0000,1.61905863e-021
4150.0000,50.0000,-60.0000,1.10453065e-018
4250.0000,50.0000,-60.0000,7.40750271e-016
4350.0000,50.0000,-60.0000,4.79277371e-013
4450.0000,50.0000,-60.0000,2.84620549e-010
4550.0000,50.0000,-60.0000,1.36637212e-007
4650.0000,50.0000,-60.0000,1.55667221e-005
4750.0000,50.0000,-60.0000,1.17386803e-002
4850.0000,50.0000,-60.0000,8.73447433e-002
4950.0000,50.0000,-60.0000,2.31754377e-001
5050.0000,50.0000,-60.0000,4.22961086e-001
5150.0000,50.0000,-60.0000,6.56488419e-001
5250.0000,50.0000,-60.0000,9.27522004e-001
5350.0000,50.0000,-60.0000,1.21615446e+000
5450.0000,50.0000,-60.0000,1.51783502e+000
5550.0000,50.0000,-60.0000,1.82991493e+000
5650.0000,50.0000,-60.0000,2.15109563e+000
5750.0000,50.0000,-60.0000,2.47703934e+000
5850.0000,50.0000,-60.0000,2.80854845e+000
5950.0000,50.0000,-60.0000,3.14797211e+000
6050.0000,50.0000,-60.0000,3.49630427e+000
6150.0000,50.0000,-60.0000,3.85602689e+000
6250.0000,50.0000,-60.0000,4.22860003e+000
6350.0000,50.0000,-60.0000,4.61506891e+000
6450.0000,50.0000,-60.0000,5.01904154e+000
6550.0000,50.0000,-60.0000,5.43409395e+000
6650.0000,50.0000,-60.0000,6.13318968e+000
6750.0000,50.0000,-60.0000,1.03385849e+001
6850.0000,50.0000,-60.0000,1.38118334e+001
6950.0000,50.0000,-60.0000,1.53204622e+001
7050.0000,50.0000,-60.0000,1.63395348e+001
7150.0000,50.0000,-60.0000,1.68333397e+001
7250.0000,50.0000,-60.0000,1.71834316e+001
7350.0000,50.0000,-60.0000,1.75053673e+001
7450.0000,50.0000,-60.0000,1.78285465e+001
7550.0000,50.0000,-60.0000,1.80815678e+001
7650.0000,50.0000,-60.0000,1.70023823e+001
7750.0000,50.0000,-60.0000,1.75933056e+001
7850.0000,50.0000,-60.0000,1.92239456e+001
7950.0000,50.0000,-60.0000,1.97076931e+001
8050.0000,50.0000,-60.0000,2.00925083e+001
8150.0000,50.0000,-60.0000,2.09285183e+001
8250.0000,50.0000,-60.0000,2.63257637e+001
8350.0000,50.0000,-60.0000,2.73378544e+001
8450.0000,50.0000,-60.0000,2.68710575e+001
8550.0000,50.0000,-60.0000,2.51053886e+001
50.0000,50.0000,-65.0000,0.00000000e+000
150.0000,50.0000,-65.0000,0.00000000e+000
250.0000,50.0000,-65.0000,0.00000000e+000
350.0000,50.0000,-65.0000,0.00000000e+000
450.0000,50.0000,-65.0000,0.00000000e+000
550.0000,50.0000,-65.0000,0.00000000e+000
650.0000,50.0000,-65.0000,0.00000000e+000
750.0000,50.0000,-65.0000,0.00000000e+000
850.0000,50.0000,-65.0000,0.00000000e+000
950.0000,50.0000,-65.0000,0.00000000e+000
1050.0000,50.0000,-65.0000,0.00000000e+000
1150.0000,50.0000,-65.0000,0.00000000e+000
1250.0000,50.0000,-65.0000,0.00000000e+000
1350.0000,50.0000,-65.0000,0.00000000e+000
1450.0000,50.0000,-65.0000,0.00000000e+000
1550.0000,50.0000,-65.0000,0.00000000e+000
1650.0000,50.0000,-65.0000,0.00000000e+000
1750.0000,50.0000,-65.0000,0.00000000e+000
1850.0000,50.0000,-65.0000,0.00000000e+000
1950.0000,50.0000,-65.0000,0.00000000e+000
2050.0000,50.0000,-65.0000,0.00000000e+000
2150.0000,50.0000,-65.0000,0.00000000e+000
2250.0000,50.0000,-65.0000,0.00000000e+000
2350.0000,50.0000,-65.0000,0.00000000e+000
2450.0000,50.0000,-65.0000,0.00000000e+000
2550.0000,50.0000,-65.0000,0.00000000e+000
2650.0000,50.0000,-65.0000,0.00000000e+000
2750.0000,50.0000,-65.0000,0.00000000e+000
2850.0000,50.0000,-65.0000,0.00000000e+000
2950.0000,50.0000,-65.0000,0.00000000e+000
3050.0000,50.0000,-65.0000,0.00000000e+000
3150.0000,50.0000,-65.0000,0.00000000e+000
3250.0000,50.0000,-65.0000,0.00000000e+000
3350.0000,50.0000,-65.0000,0.00000000e+000
3450.0000,50.0000,-65.0000,1.27748380e-038
3550.0000,50.0000,-65.0000,5.65148540e-036
3650.0000,50.0000,-65.0000,2.69878295e-033
3750.0000,50.0000,-65.0000,1.29233285e-030
3850.0000,50.0000,-65.0000,6.25540746e-028
3950.0000,50.0000,-65.0000,3.15350056e-025
4050.0000,50.0000,-65.0000,1.93849782e-022
4150.0000,50.0000,-65.0000,1.25232379e-019
4250.0000,50.0000,-65.0000,8.28216110e-017
4350.0000,50.0000,-65.0000,5.60622681e-014
4450.0000,50.0000,-65.0000,3.87362885e-011
4550.0000,50.0000,-65.0000,2.75120655e-008
4650.0000,50.0000,-65.0000,1.85746521e-005
4750.0000,50.0000,-65.0000,1.46875242e-002
4850.0000,50.0000,-65.0000,1.17393829e-001
4950.0000,50.0000,-65.0000,3.04276913e-001
5050.0000,50.0000,-65.0000,5.46980262e-001
5150.0000,50.0000,-65.0000,8.39560330e-001
5250.0000,50.0000,-65.0000,1.17625630e+000
5350.0000,50.0000,-65.0000,1.53210735e+000
5450.0000,50.0000,-65.0000,1.90184927e+000
5550.0000,50.0000,-65.0000,2.28264427e+000
5650.0000,50.0000,-65.0000,2.67333150e+000
5750.0000,50.0000,-65.0000,3.06892490e+000
5850.0000,50.0000,-65.0000,3.47074103e+000
5950.0000,50.0000,-65.0000,3.88196921e+000
6050.0000,50.0000,-65.0000,4.30399609e+000
6150.0000,50.0000,-65.0000,4.73998976e+000
6250.0000,50.0000,-65.0000,5.19149399e+000
6350.0000,50.0000,-65.0000,5.65986681e+000
6450.0000,50.0000,-65.0000,6.14684629e+000
6550.0000,50.0000,-65.0000,6.65045166e+000
6650.0000,50.0000,-65.0000,7.26999187e+000
6750.0000,50.0000,-65.0000,9.19719982e+000
6850.0000,50.0000,-65.0000,1.08715525e+001
6950.0000,50.0000,-65.0000,1.18224630e+001
7050.0000,50.0000,-65.0000,1.25971756e+001
7150.0000,50.0000,-65.0000,1.31885433e+001
7250.0000,50.0000,-65.0000,1.37382345e+001
7350.0000,50.0000,-65.0000,1.42895060e+001
7450.0000,50.0000,-65.0000,1.48531303e+001
7550.0000,50.0000,-65.0000,1.54042225e+001
7650.0000,50.0000,-65.0000,1.55659161e+001
7750.0000,50.0000,-65.0000,1.62490749e+001
7850.0000,50.0000,-65.0000,1.72911434e+001
7950.0000,50.0000,-65.0000,1.79642849e+001
8050.0000,50.0000,-65.0000,1.86177921e+001
8150.0000,50.0000,-65.0000,1.95236301e+001
8250.0000,50.0000,-65.0000,2.28317585e+001
8350.0000,50.0000,-65.0000,2.38274899e+001
8450.0000,50.0000,-65.0000,2.41824417e+001
8550.0000,50.0000,-65.0000,2.40486679e+001
8650.0000,50.0000,-65.0000,2.41239548e+001
50.0000,50.0000,-70.0000,0.00000000e+000
150.0000,50.0000,-70.0000,0.00000000e+000
250.0000,50.0000,-70.0000,0.00000000e+000
350.0000,50.0000,-70.0000,0.00000000e+000
450.0000,50.0000,-70.0000,0.00000000e+000
550.0000,50.0000,-70.0000,0.00000000e+000
650.0000,50.0000,-70.0000,0.00000000e+000
750.0000,50.0000,-70.0000,0.00000000e+000
850.0000,50.0000,-70.0000,0.00000000e+000
950.0000,50.0000,-70.0000,0.00000000e+000
1050.0000,50.0000,-70.0000,0.00000000e+000
1150.0000,50.0000,-70.0000,0.00000000e+000
1250.0000,50.0000,-70.0000,0.00000000e+000
1350.0000,50.0000,-70.0000,0.00000000e+000
1450.0000,50.0000,-70.0000,0.00000000e+000
1550.0000,50.0000,-70.0000,0.00000000e+000
1650.0000,50.0000,-70.0000,0.00000000e+000
1750.0000,50.0000,-70.0000,0.00000000e+000
1850.0000,50.0000,-70.0000,0.00000000e+000
1950.0000,50.0000,-70.0000,0.00000000e+000
2050.0000,50.0000,-70.0000,0.00000000e+000
2150.0000,50.0000,-70.0000,0.00000000e+000
2250.0000,50.0000,-70.0000,0.00000000e+000
2350.0000,50.0000,-70.0000,0.00000000e+000
2450.0000,50.0000,-70.0000,0.00000000e+000
2550.0000,50.0000,-70.0000,0.00000000e+000
2650.0000,50.0000,-70.0000,0.00000000e+000
2750.0000,50.0000,-70.0000,0.00000000e+000
2850.0000,50.0000,-70.0000,0.00000000e+000
2950.0000,50.0000,-70.0000,0.00000000e+000
3050.0000,50.0000,-70.0000,0.00000000e+000
3150.0000,50.0000,-70.0000,0.00000000e+000
3250.0000,50.0000,-70.0000,0.00000000e+000
3350.0000,50.0000,-70.0000,0.00000000e+000
3450.0000,50.0000,-70.0000,0.00000000e+000
3550.0000,50.0000,-70.0000,2.03499567e-036
3650.0000,50.0000,-70.0000,9.72354692e-034
3750.0000,50.0000,-70.0000,4.56963226e-031
3850.0000,50.0000,-70.0000,2.07104828e-028
3950.0000,50.0000,-70.0000,9.29085923e-026
4050.0000,50.0000,-70.0000,4.96032045e-023
4150.0000,50.0000,-70.0000,2.91886609e-020
4250.0000,50.0000,-70.0000,1.72515581e-017
4350.0000,50.0000,-70.0000,1.03148581e-014
4450.0000,50.0000,-70.0000,6.55668402e-012
4550.0000,50.0000,-70.0000,5.37199618e-009
4650.0000,50.0000,-70.0000,6.19357661e-006
4750.0000,50.0000,-70.0000,1.48004945e-002
4850.0000,50.0000,-70.0000,1.38979927e-001
4950.0000,50.0000,-70.0000,3.54296654e-001
5050.0000,50.0000,-70.0000,6.30238354e-001
5150.0000,50.0000,-70.0000,9.59786475e-001
5250.0000,50.0000,-70.0000,1.33670700e+000
5350.0000,50.0000,-70.0000,1.73288262e+000
5450.0000,50.0000,-70.0000,2.14275622e+000
5550.0000,50.0000,-70.0000,2.56352496e+000
5650.0000,50.0000,-70.0000,2.99424696e+000
5750.0000,50.0000,-70.0000,3.42967892e+000
5850.0000,50.0000,-70.0000,3.87164712e+000
5950.0000,50.0000,-70.0000,4.32408285e+000
6050.0000,50.0000,-70.0000,4.78846693e+000
6150.0000,50.0000,-70.0000,5.26799154e+000
6250.0000,50.0000,-70.0000,5.76456118e+000
6350.0000,50.0000,-70.0000,6.28035641e+000
6450.0000,50.0000,-70.0000,6.81585693e+000
6550.0000,50.0000,-70.0000,7.37116241e+000
6650.0000,50.0000,-70.0000,7.94687986e+000
6750.0000,50.0000,-70.0000,8.55241585e+000
6850.0000,50.0000,-70.0000,9.17748260e+000
6950.0000,50.0000,-70.0000,9.81932831e+000
7050.0000,50.0000,-70.0000,1.04800024e+001
7150.0000,50.0000,-70.0000,1.11599503e+001
7250.0000,50.0000,-70.0000,1.18600883e+001
7350.0000,50.0000,-70.0000,1.25810308e+001
7450.0000,50.0000,-70.0000,1.33231945e+001
7550.0000,50.0000,-70.0000,1.40867271e+001
7650.0000,50.0000,-70.0000,1.48704844e+001
7750.0000,50.0000,-70.0000,1.56767263e+001
7850.0000,50.0000,-70.0000,1.65063057e+001
7950.0000,50.0000,-70.0000,1.73562393e+001
8050.0000,50.0000,-70.0000,1.82310848e+001
8150.0000,50.0000,-70.0000,1.91289272e+001
8250.0000,50.0000,-70.0000,2.00624275e+001
8350.0000,50.0000,-70.0000,2.10127716e+001
8450.0000,50.0000,-70.0000,2.20167503e+001
8550.0000,50.0000,-70.0000,2.30116329e+001
8650.0000,50.0000,-70.0000,2.40870037e+001
8750.0000,50.0000,-70.0000,2.55395908e+001
8850.0000,50.0000,-70.0000,2.64486313e+001
2050.0000,50.0000,-75.0000,0.00000000e+000
2150.0000,50.0000,-75.0000,0.00000000e+000
2250.0000,50.0000,-75.0000,0.00000000e+000
2350.0000,50.0000,-75.0000,0.00000000e+000
2450.0000,50.0000,-75.0000,0.00000000e+000
2550.0000,50.0000,-75.0000,0.00000000e+000
2650.0000,50.0000,-75.0000,0.00000000e+000
2750.0000,50.0000,-75.0000,0.00000000e+000
2850.0000,50.0000,-75.0000,0.00000000e+000
2950.0000,50.0000,-75.0000,0.00000000e+000
3050.0000,50.0000,-75.0000,0.00000000e+000
3150.0000,50.0000,-75.0000,0.00000000e+000
3250.0000,50.0000,-75.0000,0.00000000e+000
3350.0000,50.0000,-75.0000,0.00000000e+000
3450.0000,50.0000,-75.0000,3.11257788e-038
3550.0000,50.0000,-75.0000,8.88871032e-036
3650.0000,50.0000,-75.0000,4.51792878e-033
3750.0000,50.0000,-75.0000,2.26021345e-030
3850.0000,50.0000,-75.0000,1.09634727e-027
3950.0000,50.0000,-75.0000,4.92156957e-025
4050.0000,50.0000,-75.0000,2.39031165e-022
4150.0000,50.0000,-75.0000,1.42306123e-019
4250.0000,50.0000,-75.0000,8.33518470e-017
4350.0000,50.0000,-75.0000,4.68730720e-014
4450.0000,50.0000,-75.0000,2.47879026e-011
4550.0000,50.0000,-75.0000,1.19680292e-008
4650.0000,50.0000,-75.0000,9.09942355e-006
4750.0000,50.0000,-75.0000,1.71714295e-002
4850.0000,50.0000,-75.0000,1.39076665e-001
4950.0000,50.0000,-75.0000,3.54493201e-001
5050.0000,50.0000,-75.0000,6.30554080e-001
5150.0000,50.0000,-75.0000,9.60243404e-001
5250.0000,50.0000,-75.0000,1.33732522e+000
5350.0000,50.0000,-75.0000,1.73365545e+000
5450.0000,50.0000,-75.0000,2.14369273e+000
5550.0000,50.0000,-75.0000,2.56462741e+000
5650.0000,50.0000,-75.0000,2.99552512e+000
5750.0000,50.0000,-75.0000,3.43117595e+000
5850.0000,50.0000,-75.0000,3.87346673e+000
5950.0000,50.0000,-75.0000,4.32618046e+000
6050.0000,50.0000,-75.0000,4.79058981e+000
6150.0000,50.0000,-75.0000,5.27013254e+000
6250.0000,50.0000,-75.0000,5.76706266e+000
6350.0000,50.0000,-75.0000,6.28329039e+000
6450.0000,50.0000,-75.0000,6.81898594e+000
6550.0000,50.0000,-75.0000,7.37438297e+000
6650.0000,50.0000,-75.0000,7.94981766e+000
6750.0000,50.0000,-75.0000,8.55009937e+000
6850.0000,50.0000,-75.0000,9.17234898e+000
6950.0000,50.0000,-75.0000,9.81395435e+000
7050.0000,50.0000,-75.0000,1.04748945e+001
7150.0000,50.0000,-75.0000,1.11555109e+001
7250.0000,50.0000,-75.0000,1.18564291e+001
7350.0000,50.0000,-75.0000,1.25781250e+001
7450.0000,50.0000,-75.0000,1.33209019e+001
7550.0000,50.0000,-75.0000,1.40849047e+001
7650.0000,50.0000,-75.0000,1.48695946e+001
7750.0000,50.0000,-75.0000,1.56761436e+001
7850.0000,50.0000,-75.0000,1.65053406e+001
7950.0000,50.0000,-75.0000,1.73554668e+001
8050.0000,50.0000,-75.0000,1.82315788e+001
8150.0000,50.0000,-75.0000,1.91271248e+001
8250.0000,50.0000,-75.0000,2.00606537e+001
8350.0000,50.0000,-75.0000,2.10126247e+001
8450.0000,50.0000,-75.0000,2.20124130e+001
8550.0000,50.0000,-75.0000,2.30069675e+001
8650.0000,50.0000,-75.0000,2.40864086e+001
8750.0000,50.0000,-75.0000,2.55418549e+001
8850.0000,50.0000,-75.0000,2.63335285e+001
8950.0000,50.0000,-75.0000,3.16440792e+001
2550.0000,50.0000,-80.0000,0.00000000e+000
2650.0000,50.0000,-80.0000,0.00000000e+000
2750.0000,50.0000,-80.0000,0.00000000e+000
2850.0000,50.0000,-80.0000,0.00000000e+000
2950.0000,50.0000,-80.0000,0.00000000e+000
3050.0000,50.0000,-80.0000,0.00000000e+000
3150.0000,50.0000,-80.0000,0.00000000e+000
3250.0000,50.0000,-80.0000,0.00000000e+000
3350.0000,50.0000,-80.0000,0.00000000e+000
3450.0000,50.0000,-80.0000,2.54372486e-037
3550.0000,50.0000,-80.0000,3.99858810e-035
3650.0000,50.0000,-80.0000,2.24801290e-032
3750.0000,50.0000,-80.0000,1.25536011e-029
3850.0000,50.0000,-80.0000,6.78945695e-027
3950.0000,50.0000,-80.0000,3.04698097e-024
4050.0000,50.0000,-80.0000,1.29215346e-021
4150.0000,50.0000,-80.0000,8.41893209e-019
4250.0000,50.0000,-80.0000,5.45079678e-016
4350.0000,50.0000,-80.0000,3.43205688e-013
4450.0000,50.0000,-80.0000,2.00750652e-010
4550.0000,50.0000,-80.0000,7.92482595e-008
4650.0000,50.0000,-80.0000,8.08475888e-005
4750.0000,50.0000,-80.0000,3.33630517e-002
4850.0000,50.0000,-80.0000,1.81772903e-001
4950.0000,50.0000,-80.0000,4.20699775e-001
5050.0000,50.0000,-80.0000,7.12593913e-001
5150.0000,50.0000,-80.0000,1.05778944e+000
5250.0000,50.0000,-80.0000,1.44629645e+000
5350.0000,50.0000,-80.0000,1.84655476e+000
5450.0000,50.0000,-80.0000,2.26010132e+000
5550.0000,50.0000,-80.0000,2.68410659e+000
5650.0000,50.0000,-80.0000,3.11768222e+000
5750.0000,50.0000,-80.0000,3.55479455e+000
5850.0000,50.0000,-80.0000,3.99927497e+000
5950.0000,50.0000,-80.0000,4.45491171e+000
6050.0000,50.0000,-80.0000,4.92245579e+000
6150.0000,50.0000,-80.0000,5.40632963e+000
6250.0000,50.0000,-80.0000,5.90884399e+000
6350.0000,50.0000,-80.0000,6.43097878e+000
6450.0000,50.0000,-80.0000,6.97202778e+000
6550.0000,50.0000,-80.0000,7.53275108e+000
6650.0000,50.0000,-80.0000,8.11396027e+000
6750.0000,50.0000,-80.0000,8.71860790e+000
6850.0000,50.0000,-80.0000,9.34535027e+000
6950.0000,50.0000,-80.0000,9.99204063e+000
7050.0000,50.0000,-80.0000,1.06583023e+001
7150.0000,50.0000,-80.0000,1.13446655e+001
7250.0000,50.0000,-80.0000,1.20518560e+001
7350.0000,50.0000,-80.0000,1.27801962e+001
7450.0000,50.0000,-80.0000,1.35295477e+001
7550.0000,50.0000,-80.0000,1.42996807e+001
7650.0000,50.0000,-80.0000,1.50902863e+001
7750.0000,50.0000,-80.0000,1.59030218e+001
7850.0000,50.0000,-80.0000,1.67385693e+001
7950.0000,50.0000,-80.0000,1.75936909e+001
8050.0000,50.0000,-80.0000,1.84823875e+001
8150.0000,50.0000,-80.0000,1.93765011e+001
8250.0000,50.0000,-80.0000,2.03219681e+001
8350.0000,50.0000,-80.0000,2.12889366e+001
8450.0000,50.0000,-80.0000,2.22868462e+001
8550.0000,50.0000,-80.0000,2.32876606e+001
8650.0000,50.0000,-80.0000,2.43964405e+001
8750.0000,50.0000,-80.0000,2.59472046e+001
8850.0000,50.0000,-80.0000,2.74632473e+001
8950.0000,50.0000,-80.0000,3.24123726e+001
9050.0000,50.0000,-80.0000,3.50408630e+001
3050.0000,50.0000,-85.0000,0.00000000e+000
3150.0000,50.0000,-85.0000,0.00000000e+000
3250.0000,50.0000,-85.0000,0.00000000e+000
3350.0000,50.0000,-85.0000,0.00000000e+000
3450.0000,50.0000,-85.0000,2.84371107e-036
3550.0000,50.0000,-85.0000,1.28062338e-034
3650.0000,50.0000,-85.0000,8.32504554e-032
3750.0000,50.0000,-85.0000,5.80477512e-029
3850.0000,50.0000,-85.0000,4.22616946e-026
3950.0000,50.0000,-85.0000,2.31278808e-023
4050.0000,50.0000,-85.0000,5.25319950e-021
4150.0000,50.0000,-85.0000,3.70537251e-018
4250.0000,50.0000,-85.0000,2.62248537e-015
4350.0000,50.0000,-85.0000,1.84554824e-012
4450.0000,50.0000,-85.0000,1.30494426e-009
4550.0000,50.0000,-85.0000,8.72288297e-007
4650.0000,50.0000,-85.0000,1.44483708e-003
4750.0000,50.0000,-85.0000,7.13505596e-002
4850.0000,50.0000,-85.0000,2.80605525e-001
4950.0000,50.0000,-85.0000,5.73977888e-001
5050.0000,50.0000,-85.0000,9.04468715e-001
5150.0000,50.0000,-85.0000,1.29178798e+000
5250.0000,50.0000,-85.0000,1.70326221e+000
5350.0000,50.0000,-85.0000,2.11127496e+000
5450.0000,50.0000,-85.0000,2.53343248e+000
5550.0000,50.0000,-85.0000,2.96544003e+000
5650.0000,50.0000,-85.0000,3.40614295e+000
5750.0000,50.0000,-85.0000,3.84736729e+000
5850.0000,50.0000,-85.0000,4.29544163e+000
5950.0000,50.0000,-85.0000,4.75536919e+000
6050.0000,50.0000,-85.0000,5.23039246e+000
6150.0000,50.0000,-85.0000,5.72566319e+000
6250.0000,50.0000,-85.0000,6.24191809e+000
6350.0000,50.0000,-85.0000,6.77719975e+000
6450.0000,50.0000,-85.0000,7.33062315e+000
6550.0000,50.0000,-85.0000,7.90477133e+000
6650.0000,50.0000,-85.0000,8.50078773e+000
6750.0000,50.0000,-85.0000,9.11914730e+000
6850.0000,50.0000,-85.0000,9.75866699e+000
6950.0000,50.0000,-85.0000,1.04181747e+001
7050.0000,50.0000,-85.0000,1.10978746e+001
7150.0000,50.0000,-85.0000,1.17987366e+001
7250.0000,50.0000,-85.0000,1.25213842e+001
7350.0000,50.0000,-85.0000,1.32655487e+001
7450.0000,50.0000,-85.0000,1.40302801e+001
7550.0000,50.0000,-85.0000,1.48150311e+001
7650.0000,50.0000,-85.0000,1.56202021e+001
7750.0000,50.0000,-85.0000,1.64480286e+001
7850.0000,50.0000,-85.0000,1.72995548e+001
7950.0000,50.0000,-85.0000,1.81708069e+001
8050.0000,50.0000,-85.0000,1.90783348e+001
8150.0000,50.0000,-85.0000,1.99863052e+001
8250.0000,50.0000,-85.0000,2.09528961e+001
8350.0000,50.0000,-85.0000,2.19376144e+001
8450.0000,50.0000,-85.0000,2.29687729e+001
8550.0000,50.0000,-85.0000,2.39471092e+001
8650.0000,50.0000,-85.0000,2.51842289e+001
8750.0000,50.0000,-85.0000,2.70087032e+001
8850.0000,50.0000,-85.0000,2.92984600e+001
8950.0000,50.0000,-85.0000,3.33475494e+001
9050.0000,50.0000,-85.0000,3.50951462e+001
9150.0000,50.0000,-85.0000,3.51303940e+001
3450.0000,50.0000,-90.0000,4.86092284e-035
3550.0000,50.0000,-90.0000,1.19667644e-034
3650.0000,50.0000,-90.0000,6.59382095e-032
3750.0000,50.0000,-90.0000,8.00316878e-029
3850.0000,50.0000,-90.0000,1.40473916e-025
3950.0000,50.0000,-90.0000,2.89053100e-022
4050.0000,50.0000,-90.0000,1.46380030e-020
4150.0000,50.0000,-90.0000,1.10961738e-017
4250.0000,50.0000,-90.0000,8.93222331e-015
4350.0000,50.0000,-90.0000,7.53995304e-012
4450.0000,50.0000,-90.0000,7.09759806e-009
4550.0000,50.0000,-90.0000,7.10287168e-006
4650.0000,50.0000,-90.0000,8.60909745e-003
4750.0000,50.0000,-90.0000,1.47091150e-001
4850.0000,50.0000,-90.0000,4.74247783e-001
4950.0000,50.0000,-90.0000,8.75162005e-001
5050.0000,50.0000,-90.0000,1.29224610e+000
5150.0000,50.0000,-90.0000,1.78402054e+000
5250.0000,50.0000,-90.0000,2.20491791e+000
5350.0000,50.0000,-90.0000,2.62673545e+000
5450.0000,50.0000,-90.0000,3.06766367e+000
5550.0000,50.0000,-90.0000,3.51890755e+000
5650.0000,50.0000,-90.0000,3.97592497e+000
5750.0000,50.0000,-90.0000,4.42752743e+000
5850.0000,50.0000,-90.0000,4.87442589e+000
5950.0000,50.0000,-90.0000,5.33432484e+000
6050.0000,50.0000,-90.0000,5.82988834e+000
6150.0000,50.0000,-90.0000,6.35287762e+000
6250.0000,50.0000,-90.0000,6.89669847e+000
6350.0000,50.0000,-90.0000,7.45492315e+000
6450.0000,50.0000,-90.0000,8.03465652e+000
6550.0000,50.0000,-90.0000,8.64034653e+000
6650.0000,50.0000,-90.0000,9.26962090e+000
6750.0000,50.0000,-90.0000,9.91846752e+000
6850.0000,50.0000,-90.0000,1.05860233e+001
6950.0000,50.0000,-90.0000,1.12742271e+001
7050.0000,50.0000,-90.0000,1.19852858e+001
7150.0000,50.0000,-90.0000,1.27200174e+001
7250.0000,50.0000,-90.0000,1.34773846e+001
7350.0000,50.0000,-90.0000,1.42552643e+001
7450.0000,50.0000,-90.0000,1.50520782e+001
7550.0000,50.0000,-90.0000,1.58684702e+001
7650.0000,50.0000,-90.0000,1.67071381e+001
7750.0000,50.0000,-90.0000,1.75708237e+001
7850.0000,50.0000,-90.0000,1.84591732e+001
7950.0000,50.0000,-90.0000,1.93698196e+001
8050.0000,50.0000,-90.0000,2.03088131e+001
8150.0000,50.0000,-90.0000,2.12657394e+001
8250.0000,50.0000,-90.0000,2.22736187e+001
8350.0000,50.0000,-90.0000,2.32840214e+001
8450.0000,50.0000,-90.0000,2.44151134e+001
8550.0000,50.0000,-90.0000,2.53453598e+001
8650.0000,50.0000,-90.0000,2.71998768e+001
8750.0000,50.0000,-90.0000,2.98413601e+001
8850.0000,50.0000,-90.0000,3.27931480e+001
8950.0000,50.0000,-90.0000,3.43033943e+001
9050.0000,50.0000,-90.0000,3.50821495e+001
9150.0000,50.0000,-90.0000,3.52157288e+001
9250.0000,50.0000,-90.0000,3.51240082e+001
9350.0000,50.0000,-90.0000,3.50422058e+001
3950.0000,50.0000,-95.0000,6.16764000e-021
4050.0000,50.0000,-95.0000,1.75123328e-020
4150.0000,50.0000,-95.0000,9.96848508e-018
4250.0000,50.0000,-95.0000,9.44859069e-015
4350.0000,50.0000,-95.0000,1.25752230e-011
4450.0000,50.0000,-95.0000,2.44832172e-008
4550.0000,50.0000,-95.0000,5.86980532e-005
4650.0000,50.0000,-95.0000,2.89805979e-002
4750.0000,50.0000,-95.0000,3.21624786e-001
4850.0000,50.0000,-95.0000,9.40576315e-001
4950.0000,50.0000,-95.0000,1.71586263e+000
5050.0000,50.0000,-95.0000,2.55787063e+000
5150.0000,50.0000,-95.0000,3.14478779e+000
5250.0000,50.0000,-95.0000,3.25472832e+000
5350.0000,50.0000,-95.0000,3.85621047e+000
5450.0000,50.0000,-95.0000,4.31454468e+000
5550.0000,50.0000,-95.0000,4.84381247e+000
5650.0000,50.0000,-95.0000,5.32139492e+000
5750.0000,50.0000,-95.0000,5.78363609e+000
5850.0000,50.0000,-95.0000,6.19094658e+000
5950.0000,50.0000,-95.0000,6.67778492e+000
6050.0000,50.0000,-95.0000,7.28409529e+000
6150.0000,50.0000,-95.0000,7.85998678e+000
6250.0000,50.0000,-95.0000,8.45782375e+000
6350.0000,50.0000,-95.0000,9.08535480e+000
6450.0000,50.0000,-95.0000,9.77295971e+000
6550.0000,50.0000,-95.0000,1.04803839e+001
6650.0000,50.0000,-95.0000,1.12029343e+001
6750.0000,50.0000,-95.0000,1.19433889e+001
6850.0000,50.0000,-95.0000,1.27136660e+001
6950.0000,50.0000,-95.0000,1.35179777e+001
7050.0000,50.0000,-95.0000,1.43512745e+001
7150.0000,50.0000,-95.0000,1.52057095e+001
7250.0000,50.0000,-95.0000,1.60776577e+001
7350.0000,50.0000,-95.0000,1.69700737e+001
7450.0000,50.0000,-95.0000,1.78909512e+001
7550.0000,50.0000,-95.0000,1.88459988e+001
7650.0000,50.0000,-95.0000,1.98354626e+001
7750.0000,50.0000,-95.0000,2.08561707e+001
7850.0000,50.0000,-95.0000,2.19004688e+001
7950.0000,50.0000,-95.0000,2.29875050e+001
8050.0000,50.0000,-95.0000,2.40996704e+001
8150.0000,50.0000,-95.0000,2.52814846e+001
8250.0000,50.0000,-95.0000,2.64989967e+001
8350.0000,50.0000,-95.0000,2.78277187e+001
8450.0000,50.0000,-95.0000,2.91726456e+001
8550.0000,50.0000,-95.0000,3.10981541e+001
8650.0000,50.0000,-95.0000,3.23651047e+001
8750.0000,50.0000,-95.0000,3.29825211e+001
8850.0000,50.0000,-95.0000,3.40062675e+001
8950.0000,50.0000,-95.0000,3.46867752e+001
9050.0000,50.0000,-95.0000,3.51011009e+001
9150.0000,50.0000,-95.0000,3.51976013e+001
9250.0000,50.0000,-95.0000,3.52388039e+001
9350.0000,50.0000,-95.0000,3.50321350e+001
9450.0000,50.0000,-95.0000,3.50614128e+001
4550.0000,50.0000,-100.0000,1.71895395e-003
4650.0000,50.0000,-100.0000,7.68968388e-002
4750.0000,50.0000,-100.0000,7.85737455e-001
4850.0000,50.0000,-100.0000,1.36143613e+000
4950.0000,50.0000,-100.0000,2.18503499e+000
5050.0000,50.0000,-100.0000,3.21447253e+000
5150.0000,50.0000,-100.0000,4.53722239e+000
5250.0000,50.0000,-100.0000,5.34473228e+000
5350.0000,50.0000,-100.0000,5.86189985e+000
5450.0000,50.0000,-100.0000,6.64478350e+000
5550.0000,50.0000,-100.0000,7.45326567e+000
5650.0000,50.0000,-100.0000,8.37408066e+000
5750.0000,50.0000,-100.0000,9.35730076e+000
5850.0000,50.0000,-100.0000,1.03965740e+001
5950.0000,50.0000,-100.0000,1.08264093e+001
6050.0000,50.0000,-100.0000,1.12407551e+001
6150.0000,50.0000,-100.0000,1.17402792e+001
6250.0000,50.0000,-100.0000,1.22803106e+001
6350.0000,50.0000,-100.0000,1.28620529e+001
6450.0000,50.0000,-100.0000,1.34597721e+001
6550.0000,50.0000,-100.0000,1.40972843e+001
6650.0000,50.0000,-100.0000,1.47740440e+001
6750.0000,50.0000,-100.0000,1.54877911e+001
6850.0000,50.0000,-100.0000,1.62312412e+001
6950.0000,50.0000,-100.0000,1.70003281e+001
7050.0000,50.0000,-100.0000,1.77949200e+001
7150.0000,50.0000,-100.0000,1.86172066e+001
7250.0000,50.0000,-100.0000,1.94687290e+001
7350.0000,50.0000,-100.0000,2.03490543e+001
7450.0000,50.0000,-100.0000,2.12550182e+001
7550.0000,50.0000,-100.0000,2.21825008e+001
7650.0000,50.0000,-100.0000,2.31294689e+001
7750.0000,50.0000,-100.0000,2.40959644e+001
7850.0000,50.0000,-100.0000,2.50830956e+001
7950.0000,50.0000,-100.0000,2.60936623e+001
8050.0000,50.0000,-100.0000,2.71189003e+001
8150.0000,50.0000,-100.0000,2.81539917e+001
8250.0000,50.0000,-100.0000,2.92091770e+001
8350.0000,50.0000,-100.0000,3.02687492e+001
8450.0000,50.0000,-100.0000,3.13264904e+001
8550.0000,50.0000,-100.0000,3.23485374e+001
8650.0000,50.0000,-100.0000,3.31724854e+001
8750.0000,50.0000,-100.0000,3.37492676e+001
8850.0000,50.0000,-100.0000,3.44487267e+001
8950.0000,50.0000,-100.0000,3.48725548e+001
9050.0000,50.0000,-100.0000,3.51203613e+001
9150.0000,50.0000,-100.0000,3.52391510e+001
9250.0000,50.0000,-100.0000,3.53335114e+001
9350.0000,50.0000,-100.0000,3.49857292e+001
9450.0000,50.0000,-100.0000,3.50545006e+001
9550.0000,50.0000,-100.0000,3.50972557e+001
9650.0000,50.0000,-100.0000,3.50583382e+001
5150.0000,50.0000,-105.0000,4.75857925e+000
5250.0000,50.0000,-105.0000,5.56020308e+000
5350.0000,50.0000,-105.0000,6.13150978e+000
5450.0000,50.0000,-105.0000,6.94278526e+000
5550.0000,50.0000,-105.0000,7.78948832e+000
5650.0000,50.0000,-105.0000,8.74457169e+000
5750.0000,50.0000,-105.0000,9.76764965e+000
5850.0000,50.0000,-105.0000,1.07924023e+001
5950.0000,50.0000,-105.0000,1.12798557e+001
6050.0000,50.0000,-105.0000,1.17418737e+001
6150.0000,50.0000,-105.0000,1.22613907e+001
6250.0000,50.0000,-105.0000,1.28285093e+001
6350.0000,50.0000,-105.0000,1.34375772e+001
6450.0000,50.0000,-105.0000,1.40651941e+001
6550.0000,50.0000,-105.0000,1.47253027e+001
6650.0000,50.0000,-105.0000,1.54245310e+001
6750.0000,50.0000,-105.0000,1.61618729e+001
6850.0000,50.0000,-105.0000,1.69277515e+001
6950.0000,50.0000,-105.0000,1.77156525e+001
7050.0000,50.0000,-105.0000,1.85262260e+001
7150.0000,50.0000,-105.0000,1.93643856e+001
7250.0000,50.0000,-105.0000,2.02337379e+001
7350.0000,50.0000,-105.0000,2.11326294e+001
7450.0000,50.0000,-105.0000,2.20543041e+001
7550.0000,50.0000,-105.0000,2.29929981e+001
7650.0000,50.0000,-105.0000,2.39477234e+001
7750.0000,50.0000,-105.0000,2.49212017e+001
7850.0000,50.0000,-105.0000,2.59171829e+001
7950.0000,50.0000,-105.0000,2.69304276e+001
8050.0000,50.0000,-105.0000,2.79487419e+001
8150.0000,50.0000,-105.0000,2.89773045e+001
8250.0000,50.0000,-105.0000,2.99981327e+001
8350.0000,50.0000,-105.0000,3.10201321e+001
8450.0000,50.0000,-105.0000,3.19795151e+001
8550.0000,50.0000,-105.0000,3.28428993e+001
8650.0000,50.0000,-105.0000,3.35517464e+001
8750.0000,50.0000,-105.0000,3.40960197e+001
8850.0000,50.0000,-105.0000,3.46656837e+001
8950.0000,50.0000,-105.0000,3.49765930e+001
9050.0000,50.0000,-105.0000,3.51137199e+001
9150.0000,50.0000,-105.0000,3.52111511e+001
9250.0000,50.0000,-105.0000,3.47585640e+001
9350.0000,50.0000,-105.0000,3.52723618e+001
9450.0000,50.0000,-105.0000,3.50663300e+001
9550.0000,50.0000,-105.0000,3.51132317e+001
9650.0000,50.0000,-105.0000,3.50763741e+001
9750.0000,50.0000,-105.0000,3.50760612e+001
9850.0000,50.0000,-105.0000,3.50428276e+001
5850.0000,50.0000,-110.0000,1.08984804e+001
5950.0000,50.0000,-110.0000,1.14276600e+001
6050.0000,50.0000,-110.0000,1.19027729e+001
6150.0000,50.0000,-110.0000,1.24323750e+001
6250.0000,50.0000,-110.0000,1.30100965e+001
6350.0000,50.0000,-110.0000,1.36284847e+001
6450.0000,50.0000,-110.0000,1.42662535e+001
6550.0000,50.0000,-110.0000,1.49360485e+001
6650.0000,50.0000,-110.0000,1.56452103e+001
6750.0000,50.0000,-110.0000,1.63915901e+001
6850.0000,50.0000,-110.0000,1.71649990e+001
6950.0000,50.0000,-110.0000,1.79595070e+001
7050.0000,50.0000,-110.0000,1.87769871e+001
7150.0000,50.0000,-110.0000,1.96231136e+001
7250.0000,50.0000,-110.0000,2.05009174e+001
7350.0000,50.0000,-110.0000,2.14069710e+001
7450.0000,50.0000,-110.0000,2.23337383e+001
7550.0000,50.0000,-110.0000,2.32762852e+001
7650.0000,50.0000,-110.0000,2.42352791e+001
7750.0000,50.0000,-110.0000,2.52148743e+001
7850.0000,50.0000,-110.0000,2.62156200e+001
7950.0000,50.0000,-110.0000,2.72315140e+001
8050.0000,50.0000,-110.0000,2.82467957e+001
8150.0000,50.0000,-110.0000,2.92756023e+001
8250.0000,50.0000,-110.0000,3.02982407e+001
8350.0000,50.0000,-110.0000,3.12930241e+001
8450.0000,50.0000,-110.0000,3.22283936e+001
8550.0000,50.0000,-110.0000,3.30391731e+001
8650.0000,50.0000,-110.0000,3.37007866e+001
8750.0000,50.0000,-110.0000,3.42434502e+001
8850.0000,50.0000,-110.0000,3.47468796e+001
8950.0000,50.0000,-110.0000,3.50083542e+001
9050.0000,50.0000,-110.0000,3.51031570e+001
9150.0000,50.0000,-110.0000,3.50915489e+001
9250.0000,50.0000,-110.0000,3.52475128e+001
9350.0000,50.0000,-110.0000,3.53433495e+001
9450.0000,50.0000,-110.0000,3.51649857e+001
9550.0000,50.0000,-110.0000,3.50894547e+001
9650.0000,50.0000,-110.0000,3.50765381e+001
9750.0000,50.0000,-110.0000,3.50775032e+001
9850.0000,50.0000,-110.0000,3.50491066e+001
9950.0000,50.0000,-110.0000,3.50486107e+001
